CHR	SNP	BP	A1	TEST	NMISS	OR	SE	L95	U95	STAT	P	R2	inCredible	probNorm	cumSum
1	rs4475691	836671	T	ADD	868	1.036	0.1235	0.8134	1.32	0.2877	0.7736	0.000433166	NA	NA	NA
1	rs28705211	890368	C	ADD	859	0.9985	0.1086	0.8071	1.235	-0.01415	0.9887	0.000104581	NA	NA	NA
1	rs9777703	918699	C	ADD	871	0.8069	0.283	0.4634	1.405	-0.7582	0.4483	0.000104796	NA	NA	NA
1	rs3121567	933331	A	ADD	869	0.8655	0.2874	0.4928	1.52	-0.5025	0.6153	0.000249522	NA	NA	NA
1	rs3934834	995669	T	ADD	993	0.9823	0.1247	0.7694	1.254	-0.1429	0.8863	2.19469e-05	NA	NA	NA
1	rs3737728	1011278	T	ADD	1000	0.9531	0.1006	0.7825	1.161	-0.477	0.6333	7.63286e-06	NA	NA	NA
1	rs6687776	1020428	T	ADD	998	0.9678	0.1239	0.7592	1.234	-0.2643	0.7915	0.00496811	NA	NA	NA
1	rs9651273	1021403	A	ADD	1000	1.061	0.1039	0.8653	1.3	0.5671	0.5706	0.00158405	NA	NA	NA
1	rs4970405	1038818	G	ADD	999	1.056	0.1441	0.7962	1.401	0.3787	0.7049	0.000162847	NA	NA	NA
1	rs12726255	1039813	G	ADD	999	1.008	0.1292	0.7822	1.298	0.05826	0.9535	0.000283688	NA	NA	NA
1	rs2298217	1054842	T	ADD	1000	0.9685	0.1214	0.7634	1.229	-0.2639	0.7919	0.000213143	NA	NA	NA
1	rs9660710	1089205	A	ADD	996	1.118	0.1787	0.7876	1.587	0.6244	0.5324	0.00127128	NA	NA	NA
1	rs4970420	1096336	A	ADD	996	1.08	0.117	0.8584	1.358	0.655	0.5125	0.000190185	NA	NA	NA
1	rs11260549	1111657	A	ADD	1000	1.063	0.1415	0.8057	1.403	0.4331	0.665	0.000717835	NA	NA	NA
1	rs11721	1142494	T	ADD	997	0.8773	0.1535	0.6494	1.185	-0.853	0.3936	0.00672281	NA	NA	NA
1	rs2887286	1145994	G	ADD	1000	1.03	0.1193	0.8157	1.302	0.2516	0.8014	3.14926e-05	NA	NA	NA
1	rs3813199	1148140	T	ADD	999	0.9961	0.1488	0.7441	1.333	-0.02638	0.979	0.00639257	NA	NA	NA
1	rs7515488	1153667	T	ADD	996	0.9647	0.122	0.7596	1.225	-0.2946	0.7683	0.0118774	NA	NA	NA
1	rs6675798	1166460	C	ADD	984	1.014	0.1437	0.7648	1.343	0.09347	0.9255	0.0175977	NA	NA	NA
1	rs11804831	1184667	C	ADD	995	1.022	0.1116	0.8214	1.272	0.1965	0.8442	0.00294376	NA	NA	NA
1	rs12410087	1229798	C	ADD	859	1.062	0.1459	0.7977	1.414	0.4116	0.6807	0.00203166	NA	NA	NA
1	rs307354	1254402	C	ADD	861	0.9143	0.2189	0.5953	1.404	-0.4092	0.6824	0.00480505	NA	NA	NA
1	rs3845295	1278446	C	ADD	862	0.8192	0.1957	0.5582	1.202	-1.019	0.3082	0.00224678	NA	NA	NA
1	rs2649588	1303878	G	ADD	997	0.8304	0.1833	0.5797	1.189	-1.014	0.3107	0.00606896	NA	NA	NA
1	rs12089560	1346413	G	ADD	850	0.8003	0.1831	0.5589	1.146	-1.217	0.2236	0.00734225	NA	NA	NA
1	rs873926	1356780	G	ADD	853	0.9961	0.1202	0.7871	1.261	-0.03274	0.9739	9.62906e-05	NA	NA	NA
1	rs3766178	1468043	G	ADD	996	1.085	0.1004	0.8913	1.321	0.8138	0.4158	0.00248739	NA	NA	NA
1	rs3128342	1476697	T	ADD	999	1.059	0.09061	0.8864	1.264	0.629	0.5293	0.00010606	NA	NA	NA
1	rs2296716	1487687	A	ADD	1000	1.018	0.138	0.7765	1.334	0.1268	0.8991	0.000961609	NA	NA	NA
1	rs6603793	1495118	T	ADD	999	1.19	0.09852	0.9812	1.444	1.767	0.0772	0.000361143	NA	NA	NA
1	rs35672141	1680910	G	ADD	867	0.87	0.09909	0.7164	1.057	-1.405	0.1599	7.35417e-06	NA	NA	NA
1	rs7531583	1696020	A	ADD	994	0.855	0.1091	0.6904	1.059	-1.436	0.151	0.00154148	NA	NA	NA
1	rs742359	1704871	A	ADD	870	1.069	0.1129	0.857	1.334	0.5935	0.5528	0.0077588	NA	NA	NA
1	rs6681938	1771080	C	ADD	1000	1.063	0.1	0.874	1.294	0.6139	0.5393	1.5573e-05	NA	NA	NA
1	rs4648592	1790894	A	ADD	997	1.095	0.1057	0.8899	1.347	0.8563	0.3918	0.0077588	NA	NA	NA
1	rs7525092	1799950	T	ADD	999	1.113	0.106	0.9043	1.37	1.011	0.3121	0.00488248	NA	NA	NA
1	rs2474460	1833906	G	ADD	998	0.9598	0.0908	0.8033	1.147	-0.4524	0.651	1.12812e-05	NA	NA	NA
1	rs3820011	1878053	T	ADD	999	1.166	0.1033	0.9525	1.428	1.489	0.1365	0.00164926	NA	NA	NA
1	rs2803291	1882185	A	ADD	999	0.8003	0.1204	0.6321	1.013	-1.851	0.06414	0.000216903	NA	NA	NA
1	rs6682175	1924507	G	ADD	871	0.9826	0.09661	0.8131	1.187	-0.1817	0.8558	1.34675e-06	NA	NA	NA
1	rs2254669	1995968	C	ADD	870	0.976	0.1035	0.7969	1.195	-0.2346	0.8145	0.015328	NA	NA	NA
1	rs2803310	2007157	G	ADD	870	0.9648	0.1058	0.7842	1.187	-0.3385	0.735	0.0199021	NA	NA	NA
1	rs12755035	2016221	A	ADD	1000	0.974	0.1293	0.7559	1.255	-0.2039	0.8384	0.0159437	NA	NA	NA
1	rs884080	2016609	G	ADD	995	0.8578	0.09267	0.7154	1.029	-1.655	0.098	0.0168129	NA	NA	NA
1	rs908742	2023116	A	ADD	1000	0.9437	0.09883	0.7775	1.145	-0.5864	0.5576	0.00358	NA	NA	NA
1	rs3107151	2041373	T	ADD	867	0.9145	0.1018	0.749	1.116	-0.8782	0.3798	0.000393383	NA	NA	NA
1	rs3128291	2047883	A	ADD	998	0.9919	0.1353	0.7608	1.293	-0.06035	0.9519	5.06036e-05	NA	NA	NA
1	rs3052	2086498	T	ADD	1000	0.9342	0.1448	0.7034	1.241	-0.4698	0.6385	4.37043e-05	NA	NA	NA
1	rs262688	2103425	C	ADD	1000	0.9266	0.1047	0.7547	1.138	-0.728	0.4666	0.000676351	NA	NA	NA
1	rs2460002	2109693	A	ADD	999	1.031	0.09804	0.8506	1.249	0.3095	0.7569	0.00303173	NA	NA	NA
1	rs6665593	2130121	A	ADD	997	0.9161	0.122	0.7213	1.164	-0.7181	0.4727	0.000315733	NA	NA	NA
1	rs7512482	2136826	C	ADD	874	1.009	0.1309	0.7808	1.304	0.06892	0.945	0.000276084	NA	NA	NA
1	rs2460000	2146222	T	ADD	992	1.159	0.09851	0.9558	1.406	1.501	0.1334	0.000170175	NA	NA	NA
1	rs7547453	2184977	T	ADD	989	0.7982	0.09715	0.6598	0.9656	-2.32	0.02032	0.000126072	NA	NA	NA
1	rs11588312	2188917	T	ADD	999	0.999	0.1793	0.7029	1.42	-0.00583	0.9953	0.0010008	NA	NA	NA
1	rs7553178	2194615	G	ADD	993	1.187	0.09913	0.977	1.441	1.725	0.08446	0.0113523	NA	NA	NA
1	rs10910047	2201709	A	ADD	869	1.199	0.09781	0.9898	1.452	1.855	0.06352	0.00271468	NA	NA	NA
1	rs2017143	2210509	T	ADD	999	1.185	0.09016	0.9929	1.414	1.881	0.05992	0.00282419	NA	NA	NA
1	rs903916	2221323	A	ADD	997	0.8863	0.09547	0.735	1.069	-1.265	0.206	0.00242413	NA	NA	NA
1	rs2279702	2224492	A	ADD	1000	1.081	0.1202	0.8541	1.368	0.6486	0.5166	0.000238915	NA	NA	NA
1	rs2843157	2230243	A	ADD	999	1.057	0.138	0.8069	1.386	0.4048	0.6856	4.97325e-07	NA	NA	NA
1	rs2645065	2251082	A	ADD	997	0.8851	0.1216	0.6974	1.123	-1.004	0.3154	0.000371252	NA	NA	NA
1	rs903904	2253748	T	ADD	861	1.058	0.1112	0.8508	1.316	0.5073	0.612	7.36428e-08	NA	NA	NA
1	rs2843143	2259808	A	ADD	997	0.9343	0.1148	0.746	1.17	-0.5919	0.5539	0.000544122	NA	NA	NA
1	rs2055204	2270521	G	ADD	1000	1.035	0.09123	0.8656	1.238	0.3783	0.7052	0.00222358	NA	NA	NA
1	rs2840528	2273756	G	ADD	994	1.079	0.092	0.9007	1.292	0.8237	0.4101	0.00183395	NA	NA	NA
1	rs903914	2279181	A	ADD	999	1.084	0.1052	0.8816	1.332	0.7626	0.4457	0.000795276	NA	NA	NA
1	rs2840542	2281540	A	ADD	1000	0.9786	0.1105	0.7881	1.215	-0.1956	0.8449	1.43704e-05	NA	NA	NA
1	rs2643891	2282212	A	ADD	994	1.028	0.1198	0.8132	1.301	0.2342	0.8148	0.00700976	NA	NA	NA
1	rs7545940	2289487	C	ADD	999	0.9291	0.09492	0.7714	1.119	-0.7748	0.4385	0.00147645	NA	NA	NA
1	rs7519807	2296832	A	ADD	997	0.8194	0.0967	0.6779	0.9903	-2.06	0.03937	0.0025987	NA	NA	NA
1	rs2843160	2298942	C	ADD	995	0.9361	0.09211	0.7815	1.121	-0.7173	0.4732	0.000576526	NA	NA	NA
1	rs903901	2300053	A	ADD	997	1.213	0.2119	0.8004	1.837	0.9096	0.363	0.0049612	NA	NA	NA
1	rs2643901	2304179	A	ADD	1000	1.006	0.1461	0.7554	1.339	0.04013	0.968	0.00734568	NA	NA	NA
1	rs2843127	2305577	T	ADD	1000	1.059	0.09022	0.8873	1.264	0.6344	0.5258	0.00365567	NA	NA	NA
1	rs4648633	2310562	C	ADD	982	1.077	0.105	0.8768	1.323	0.7077	0.4791	0.00364372	NA	NA	NA
1	rs3736330	2316935	T	ADD	998	0.8865	0.1049	0.7218	1.089	-1.148	0.251	0.0110348	NA	NA	NA
1	rs2840532	2317675	G	ADD	999	1.031	0.09563	0.8549	1.244	0.3209	0.7483	0.0230802	NA	NA	NA
1	rs3001336	2322891	C	ADD	991	1.471	0.1636	1.068	2.028	2.361	0.01824	0.0062997	NA	NA	NA
1	rs1129333	2325536	T	ADD	999	1.452	0.1638	1.053	2.001	2.277	0.02281	0.0062997	NA	NA	NA
1	rs2494428	2328934	C	ADD	1000	1.353	0.1462	1.016	1.801	2.066	0.03881	0.00339009	NA	NA	NA
1	rs4531246	2351880	T	ADD	996	1.011	0.1001	0.8311	1.23	0.112	0.9108	0.00286537	NA	NA	NA
1	rs10449222	2366593	A	ADD	870	0.9471	0.1808	0.6646	1.35	-0.3006	0.7637	0.0057675	NA	NA	NA
1	rs4443836	2367260	T	ADD	870	1.01	0.1554	0.7445	1.369	0.06204	0.9505	0.00323996	NA	NA	NA
1	rs34241773	2367906	A	ADD	870	1.056	0.1513	0.7849	1.42	0.3587	0.7198	0.00428893	NA	NA	NA
1	rs11581548	2369108	A	ADD	870	1.021	0.108	0.8261	1.262	0.1913	0.8483	0.0035585	NA	NA	NA
1	rs2494626	2394116	A	ADD	984	0.9634	0.09861	0.7941	1.169	-0.3784	0.7051	0.00164926	NA	NA	NA
1	rs13376356	2396747	T	ADD	996	1.284	0.1354	0.9847	1.674	1.846	0.06491	0.000341568	NA	NA	NA
1	rs11588930	2398694	A	ADD	998	0.8287	0.1537	0.6131	1.12	-1.222	0.2216	0.0169821	NA	NA	NA
1	rs2477703	2415852	C	ADD	1000	0.965	0.1035	0.7878	1.182	-0.3441	0.7307	0.00738081	NA	NA	NA
1	rs3762444	2417572	T	ADD	997	1.046	0.09201	0.8732	1.252	0.4862	0.6268	0.00790848	NA	NA	NA
1	rs7535528	2434274	A	ADD	994	1.006	0.09419	0.8361	1.21	0.05938	0.9527	0.00653204	NA	NA	NA
1	rs2236395	2436740	C	ADD	997	1.029	0.1116	0.8266	1.28	0.2535	0.7999	4.74947e-05	NA	NA	NA
1	rs2246732	2440254	C	ADD	988	1.034	0.112	0.8301	1.287	0.2967	0.7667	4.74947e-05	NA	NA	NA
1	rs2494606	2456493	A	ADD	996	0.8904	0.1092	0.7188	1.103	-1.062	0.2881	0.0148909	NA	NA	NA
1	rs2495365	2476391	C	ADD	869	0.9694	0.09805	0.7999	1.175	-0.3169	0.7513	0.00110582	NA	NA	NA
1	rs2234167	2480088	A	ADD	999	0.9405	0.1358	0.7207	1.227	-0.4521	0.6512	0.00305328	NA	NA	NA
1	rs6667605	2492640	T	ADD	997	0.9698	0.09226	0.8093	1.162	-0.3328	0.7393	0.0014473	NA	NA	NA
1	rs4310388	2497275	T	ADD	870	1.073	0.1002	0.882	1.307	0.7071	0.4795	0.00600965	NA	NA	NA
1	rs3748816	2516606	C	ADD	997	1.005	0.09485	0.8346	1.211	0.05424	0.9567	0.00473519	NA	NA	NA
1	rs3890745	2543484	G	ADD	998	1.056	0.09738	0.8727	1.278	0.5622	0.574	0.00351475	NA	NA	NA
1	rs6698817	2554043	T	ADD	866	1.083	0.1034	0.8841	1.326	0.7684	0.4422	0.00351475	NA	NA	NA
1	rs4648390	2690232	T	ADD	864	1.135	0.132	0.8763	1.47	0.9596	0.3372	2.11445e-05	NA	NA	NA
1	rs7526311	2697298	T	ADD	870	1.049	0.09823	0.8655	1.272	0.4891	0.6248	0.00285812	NA	NA	NA
1	rs4648356	2699024	A	ADD	1000	1.049	0.09742	0.8664	1.269	0.4874	0.626	0.00342208	NA	NA	NA
1	rs4609377	2735743	C	ADD	1000	1.008	0.08999	0.8448	1.202	0.08533	0.932	2.9945e-05	NA	NA	NA
1	rs4648481	2739576	T	ADD	998	1.021	0.08973	0.8563	1.217	0.2308	0.8175	8.81953e-05	NA	NA	NA
1	rs12409348	2768903	T	ADD	991	1.104	0.09314	0.92	1.325	1.065	0.2871	5.67705e-06	NA	NA	NA
1	rs897615	2776953	T	ADD	1000	0.9964	0.08986	0.8355	1.188	-0.03959	0.9684	0.000245944	NA	NA	NA
1	rs10797342	2787716	C	ADD	996	1.013	0.09093	0.8477	1.211	0.1426	0.8866	0.0035646	NA	NA	NA
1	rs2045333	2791319	T	ADD	998	0.8919	0.1447	0.6716	1.184	-0.791	0.4289	0.00997773	NA	NA	NA
1	rs3100865	2795967	G	ADD	995	1.367	0.09873	1.126	1.659	3.165	0.001549	0.00943879	NA	NA	NA
1	rs1456465	2801674	A	ADD	1000	1.467	0.1241	1.15	1.871	3.088	0.002014	0.000142146	NA	NA	NA
1	rs1869970	2819411	G	ADD	1000	1.028	0.108	0.8322	1.271	0.2601	0.7948	0.00157929	NA	NA	NA
1	rs897634	2825552	C	ADD	1000	1.054	0.1023	0.8623	1.288	0.5114	0.6091	0.000418728	NA	NA	NA
1	rs2045332	2832179	A	ADD	997	1.16	0.1031	0.9481	1.42	1.443	0.149	0.0131717	NA	NA	NA
1	rs1473386	2842066	C	ADD	998	1.091	0.09619	0.9031	1.317	0.9008	0.3677	0.0129999	NA	NA	NA
1	rs10909845	2866385	T	ADD	1000	1.089	0.0986	0.8978	1.321	0.8661	0.3864	0.00261972	NA	NA	NA
1	rs878201	2869500	A	ADD	999	0.9765	0.09806	0.8057	1.183	-0.2427	0.8082	0.000746589	NA	NA	NA
1	rs2485945	2873792	C	ADD	996	0.9677	0.1179	0.768	1.219	-0.2788	0.7804	0.00281708	NA	NA	NA
1	rs12044030	2879437	C	ADD	998	0.9432	0.1193	0.7466	1.192	-0.49	0.6241	0.00131819	NA	NA	NA
1	rs12046158	2881573	C	ADD	986	0.9471	0.09788	0.7818	1.147	-0.5548	0.579	0.000389797	NA	NA	NA
1	rs7533362	2886595	A	ADD	995	0.9346	0.1151	0.7459	1.171	-0.5882	0.5564	0.000888348	NA	NA	NA
1	rs1572657	2891988	G	ADD	998	1.117	0.1199	0.8834	1.413	0.9251	0.3549	0.000298082	NA	NA	NA
1	rs10909852	2895465	C	ADD	996	0.8364	0.139	0.6369	1.098	-1.285	0.1989	0.00025848	NA	NA	NA
1	rs2027262	2916239	C	ADD	999	0.8494	0.1417	0.6434	1.121	-1.153	0.2491	0.000493128	NA	NA	NA
1	rs3795263	2928849	A	ADD	995	0.9535	0.1029	0.7793	1.167	-0.4626	0.6437	0.00405793	NA	NA	NA
1	rs2142569	2934387	T	ADD	1000	0.9322	0.09015	0.7812	1.112	-0.7787	0.4361	1.90975e-06	NA	NA	NA
1	rs10489588	2941694	T	ADD	1000	0.9321	0.1093	0.7523	1.155	-0.6435	0.5199	0.000954601	NA	NA	NA
1	rs1109251	2963436	A	ADD	1000	0.8811	0.1176	0.6997	1.11	-1.076	0.2818	0.00185396	NA	NA	NA
1	rs2376821	2964712	A	ADD	1000	0.9431	0.09036	0.7901	1.126	-0.648	0.517	0.000352772	NA	NA	NA
1	rs2297828	2973823	A	ADD	866	0.9072	0.09864	0.7477	1.101	-0.9874	0.3234	0.00071825	NA	NA	NA
1	rs2297829	2973947	A	ADD	989	1.101	0.09557	0.9129	1.328	1.006	0.3144	0.012426	NA	NA	NA
1	rs2993486	2983498	G	ADD	999	1.01	0.1346	0.7758	1.315	0.07334	0.9415	0.000626294	NA	NA	NA
1	rs1569419	2986462	A	ADD	999	1.086	0.109	0.8771	1.344	0.7565	0.4494	0.0151711	NA	NA	NA
1	rs926246	2995991	G	ADD	999	0.9476	0.1275	0.7381	1.217	-0.4217	0.6732	0.000637269	NA	NA	NA
1	rs926244	2996143	C	ADD	1000	0.9494	0.095	0.7881	1.144	-0.547	0.5844	0.00031659	NA	NA	NA
1	rs2817168	3003550	G	ADD	997	1.047	0.09325	0.8725	1.257	0.4969	0.6193	2.85496e-05	NA	NA	NA
1	rs2993493	3010106	A	ADD	999	0.8875	0.1378	0.6773	1.163	-0.8661	0.3864	0.00483937	NA	NA	NA
1	rs1890336	3014125	G	ADD	1000	1.029	0.09319	0.8572	1.235	0.3066	0.7591	0.000100476	NA	NA	NA
1	rs4648453	3015572	T	ADD	1000	0.9253	0.1339	0.7117	1.203	-0.5802	0.5618	0.00684128	NA	NA	NA
1	rs2993502	3017201	T	ADD	870	1.146	0.0999	0.9418	1.393	1.36	0.1739	8.19766e-05	NA	NA	NA
1	rs6690373	3025087	G	ADD	868	0.9114	0.1611	0.6646	1.25	-0.5757	0.5648	0.00118915	NA	NA	NA
1	rs2235176	3043966	G	ADD	991	0.9713	0.09849	0.8008	1.178	-0.2959	0.7673	0.000863427	NA	NA	NA
1	rs10797380	3045736	G	ADD	999	1.031	0.08924	0.8659	1.229	0.3462	0.7292	0.0037052	NA	NA	NA
1	rs7538096	3047521	C	ADD	996	1.121	0.1004	0.9211	1.365	1.141	0.2538	0.00103386	NA	NA	NA
1	rs2651909	3051515	A	ADD	996	1.225	0.2704	0.7209	2.081	0.7495	0.4536	0.000189554	NA	NA	NA
1	rs2817185	3052221	G	ADD	1000	1.122	0.1031	0.9166	1.373	1.116	0.2645	0.00382704	NA	NA	NA
1	rs731031	3062552	C	ADD	998	0.9936	0.1023	0.8132	1.214	-0.0623	0.9503	0.00156975	NA	NA	NA
1	rs1798246	3070715	G	ADD	991	1.003	0.08895	0.8429	1.195	0.0391	0.9688	0.000646312	NA	NA	NA
1	rs2651899	3073572	G	ADD	993	1.054	0.09035	0.8825	1.258	0.5771	0.5639	0.000242959	NA	NA	NA
1	rs2651936	3078602	C	ADD	998	1.169	0.1275	0.9103	1.501	1.223	0.2214	1.52863e-05	NA	NA	NA
1	rs2817134	3088575	T	ADD	997	1.18	0.1277	0.9189	1.516	1.298	0.1944	3.77082e-06	NA	NA	NA
1	rs2651929	3091213	G	ADD	995	0.9291	0.09788	0.767	1.126	-0.7509	0.4527	0.00209612	NA	NA	NA
1	rs12135062	3093172	T	ADD	1000	1.045	0.1091	0.8439	1.294	0.4036	0.6865	0.00124039	NA	NA	NA
1	rs10752733	3094490	A	ADD	997	0.9483	0.1339	0.7295	1.233	-0.3968	0.6915	8.22234e-06	NA	NA	NA
1	rs10737190	3098356	G	ADD	998	0.887	0.1648	0.6422	1.225	-0.7278	0.4668	0.000330254	NA	NA	NA
1	rs7539775	3099011	G	ADD	999	0.9729	0.1073	0.7883	1.201	-0.2564	0.7977	2.6038e-05	NA	NA	NA
1	rs10492941	3116997	T	ADD	1000	1.323	0.1811	0.9276	1.887	1.545	0.1224	0.00459384	NA	NA	NA
1	rs10909901	3121095	T	ADD	1000	1.179	0.1203	0.9314	1.492	1.369	0.1709	0.0152163	NA	NA	NA
1	rs2817146	3123299	T	ADD	995	1.308	0.1621	0.9518	1.797	1.655	0.09786	0.000829968	NA	NA	NA
1	rs12124147	3124191	T	ADD	998	0.9302	0.0917	0.7772	1.113	-0.7893	0.4299	0.00761219	NA	NA	NA
1	rs1553288	3134605	A	ADD	999	1.264	0.192	0.8674	1.841	1.219	0.2228	0.00916428	NA	NA	NA
1	rs2455118	3152069	C	ADD	999	0.8276	0.1346	0.6356	1.078	-1.405	0.1599	1.34546e-06	NA	NA	NA
1	rs4648464	3161789	G	ADD	995	1.012	0.09067	0.8472	1.209	0.1309	0.8959	4.57487e-06	NA	NA	NA
1	rs3002686	3167971	A	ADD	999	1.054	0.1292	0.8183	1.358	0.4078	0.6834	0.0090492	NA	NA	NA
1	rs2455119	3174715	T	ADD	1000	1.012	0.1169	0.805	1.273	0.1038	0.9173	0.00634889	NA	NA	NA
1	rs16823802	3189077	T	ADD	999	0.9697	0.1514	0.7208	1.305	-0.203	0.8391	5.9625e-06	NA	NA	NA
1	rs10909918	3198235	A	ADD	998	1.139	0.09048	0.9538	1.36	1.437	0.1508	1.35421e-05	NA	NA	NA
1	rs4648377	3201318	A	ADD	1000	1.097	0.1074	0.8889	1.354	0.8637	0.3877	1.68583e-06	NA	NA	NA
1	rs2455144	3204592	T	ADD	1000	1.04	0.08883	0.8734	1.237	0.4365	0.6625	0.000750732	NA	NA	NA
1	rs6670328	3209810	G	ADD	1000	1.019	0.1061	0.8273	1.254	0.1735	0.8622	0.00223471	NA	NA	NA
1	rs12409345	3218775	C	ADD	990	0.9562	0.1116	0.7683	1.19	-0.4011	0.6883	0.00559155	NA	NA	NA
1	rs2500277	3223491	G	ADD	996	0.9985	0.0981	0.8238	1.21	-0.01561	0.9875	0.00144276	NA	NA	NA
1	rs2483266	3225901	C	ADD	996	1.048	0.0935	0.8724	1.259	0.5005	0.6167	0.000197271	NA	NA	NA
1	rs1108600	3230995	A	ADD	995	0.9806	0.1078	0.7938	1.211	-0.1817	0.8558	0.00773865	NA	NA	NA
1	rs2500271	3231689	C	ADD	867	0.9978	0.104	0.8138	1.223	-0.02088	0.9833	0.000345489	NA	NA	NA
1	rs2483274	3237958	G	ADD	999	1.126	0.09108	0.9419	1.346	1.302	0.1928	0.00058891	NA	NA	NA
1	rs4494089	3244216	T	ADD	999	1.003	0.0934	0.8356	1.205	0.03682	0.9706	0.00089554	NA	NA	NA
1	rs1999527	3245968	T	ADD	989	1.055	0.1009	0.8655	1.285	0.5288	0.5969	2.68132e-05	NA	NA	NA
1	rs6683273	3249043	G	ADD	999	1.038	0.1413	0.787	1.37	0.2653	0.7908	0.00227192	NA	NA	NA
1	rs2483286	3249229	G	ADD	994	0.9635	0.1016	0.7895	1.176	-0.3662	0.7142	0.000522876	NA	NA	NA
1	rs2483289	3254050	A	ADD	993	0.9566	0.09788	0.7896	1.159	-0.4538	0.65	0.000614026	NA	NA	NA
1	rs2483256	3259688	G	ADD	989	1.266	0.09733	1.046	1.532	2.423	0.01539	0.0025623	NA	NA	NA
1	rs946758	3262923	T	ADD	991	1.1	0.09083	0.9205	1.314	1.049	0.2944	0.00446794	NA	NA	NA
1	rs2500286	3265998	C	ADD	993	1.145	0.1086	0.9255	1.416	1.247	0.2126	0.00019029	NA	NA	NA
1	rs12135987	3279384	A	ADD	997	0.9115	0.09563	0.7557	1.099	-0.9691	0.3325	0.00995662	NA	NA	NA
1	rs1333189	3279831	A	ADD	998	0.9042	0.09209	0.7549	1.083	-1.093	0.2744	0.0150011	NA	NA	NA
1	rs1538693	3284832	C	ADD	990	1.008	0.09684	0.8333	1.218	0.07738	0.9383	0.000372633	NA	NA	NA
1	rs868688	3290667	T	ADD	996	0.9507	0.08884	0.7988	1.132	-0.5691	0.5693	7.73951e-05	NA	NA	NA
1	rs10492939	3292731	T	ADD	998	0.8141	0.1017	0.6669	0.9937	-2.022	0.04318	0.00245898	NA	NA	NA
1	rs10492938	3294196	A	ADD	998	1.044	0.1264	0.8147	1.337	0.3378	0.7355	0.00256883	NA	NA	NA
1	rs17399998	3294876	T	ADD	1000	1.191	0.1094	0.961	1.476	1.596	0.1104	0.00509965	NA	NA	NA
1	rs2493278	3297606	A	ADD	998	0.9071	0.1016	0.7433	1.107	-0.959	0.3376	0.00144949	NA	NA	NA
1	rs871822	3302774	G	ADD	998	0.7948	0.1008	0.6523	0.9685	-2.277	0.02277	0.00368949	NA	NA	NA
1	rs6424074	3307640	G	ADD	1000	1.151	0.09454	0.9563	1.385	1.487	0.137	2.56278e-06	NA	NA	NA
1	rs870124	3318218	A	ADD	996	0.8647	0.1184	0.6855	1.091	-1.228	0.2196	4.56608e-05	NA	NA	NA
1	rs2493292	3318519	A	ADD	1000	1.229	0.129	0.9544	1.582	1.598	0.1101	0.000221308	NA	NA	NA
1	rs2493291	3319244	A	ADD	998	1.271	0.1307	0.9837	1.642	1.834	0.0666	0.000577624	NA	NA	NA
1	rs2493285	3323455	T	ADD	1000	0.768	0.1531	0.569	1.037	-1.724	0.08463	0.00298695	NA	NA	NA
1	rs1984069	3326060	G	ADD	997	1.076	0.1101	0.8673	1.336	0.6671	0.5047	0.000444521	NA	NA	NA
1	rs870171	3332664	A	ADD	1000	0.8961	0.09733	0.7405	1.084	-1.127	0.2597	0.00514952	NA	NA	NA
1	rs2493272	3339373	G	ADD	999	1.034	0.1044	0.8423	1.268	0.3158	0.7522	0.000920193	NA	NA	NA
1	rs2483250	3346265	A	ADD	999	1.254	0.1584	0.9191	1.71	1.427	0.1535	0.00232035	NA	NA	NA
1	rs867814	3352116	G	ADD	998	1.426	0.1279	1.11	1.833	2.777	0.005493	0.000802691	NA	NA	NA
1	rs2487670	3358003	T	ADD	1000	1.441	0.1326	1.111	1.868	2.753	0.005904	0.00464649	NA	NA	NA
1	rs2487680	3367302	G	ADD	995	1.272	0.1729	0.9064	1.785	1.392	0.164	0.000422268	NA	NA	NA
1	rs2185639	3379587	C	ADD	992	1.412	0.1348	1.084	1.839	2.557	0.01055	0.00399802	NA	NA	NA
1	rs2493314	3390154	A	ADD	999	1.287	0.149	0.9608	1.723	1.692	0.09067	0.00139826	NA	NA	NA
1	rs4648505	3395156	C	ADD	999	1.104	0.124	0.866	1.408	0.7995	0.424	0.00589376	NA	NA	NA
1	rs947344	3413327	T	ADD	999	1.296	0.1276	1.009	1.664	2.031	0.04225	0.00473081	NA	NA	NA
1	rs11585362	3418468	A	ADD	994	1.24	0.125	0.9708	1.585	1.723	0.0849	0.00552862	NA	NA	NA
1	rs12093117	3431124	A	ADD	1000	1.307	0.1818	0.9151	1.866	1.472	0.141	0.0182215	NA	NA	NA
1	rs9970944	3444452	T	ADD	998	1.273	0.1091	1.028	1.576	2.21	0.02709	0.00800747	NA	NA	NA
1	rs4648524	3446452	G	ADD	993	0.8273	0.09554	0.686	0.9977	-1.984	0.04721	0.00397897	NA	NA	NA
1	rs869697	3456573	T	ADD	1000	0.9472	0.1705	0.6781	1.323	-0.3184	0.7502	0.00068183	NA	NA	NA
1	rs10909969	3470009	T	ADD	1000	0.9357	0.1009	0.7678	1.14	-0.6586	0.5101	0.000596475	NA	NA	NA
1	rs947354	3476986	A	ADD	999	0.9016	0.1446	0.679	1.197	-0.7163	0.4738	0.00270052	NA	NA	NA
1	rs4431782	3480967	C	ADD	998	0.8797	0.1616	0.6409	1.207	-0.7935	0.4275	0.000272566	NA	NA	NA
1	rs4648527	3497721	G	ADD	995	1.073	0.1567	0.7889	1.458	0.4468	0.655	0.00105438	NA	NA	NA
1	rs2821023	3502660	A	ADD	999	0.921	0.1289	0.7154	1.186	-0.6382	0.5234	0.00223275	NA	NA	NA
1	rs2821017	3510731	A	ADD	996	0.7958	0.09524	0.6603	0.9591	-2.399	0.01645	0.000112991	NA	NA	NA
1	rs4648398	3521455	C	ADD	1000	0.9511	0.1239	0.7459	1.213	-0.4049	0.6856	0.00141019	NA	NA	NA
1	rs4648538	3533353	T	ADD	999	0.9048	0.1011	0.7422	1.103	-0.9893	0.3225	0.000239117	NA	NA	NA
1	rs2821007	3536795	T	ADD	1000	1.033	0.1973	0.7015	1.52	0.1631	0.8704	0.0132401	NA	NA	NA
1	rs2181484	3562634	T	ADD	1000	0.9135	0.1512	0.6792	1.229	-0.5979	0.5499	0.00324966	NA	NA	NA
1	rs4648545	3567181	A	ADD	999	0.9767	0.1136	0.7818	1.22	-0.2076	0.8355	0.000387915	NA	NA	NA
1	rs3765692	3574631	C	ADD	997	1.164	0.1069	0.9437	1.435	1.417	0.1564	0.000318787	NA	NA	NA
1	rs3765703	3582296	G	ADD	993	1.018	0.08972	0.8541	1.214	0.2018	0.8401	0.000171867	NA	NA	NA
1	rs3765705	3586877	A	ADD	996	0.8485	0.2099	0.5623	1.28	-0.7824	0.434	0.00225664	NA	NA	NA
1	rs3765731	3601752	A	ADD	991	0.9343	0.09886	0.7698	1.134	-0.687	0.4921	0.000840542	NA	NA	NA
1	rs3765736	3606461	T	ADD	1000	1.07	0.09536	0.8874	1.29	0.7067	0.4798	1.0302e-05	NA	NA	NA
1	rs3765761	3620336	T	ADD	999	0.8653	0.1146	0.6912	1.083	-1.262	0.2069	0.000102657	NA	NA	NA
1	rs3753211	3622468	C	ADD	868	0.8729	0.1243	0.6841	1.114	-1.093	0.2744	6.91121e-05	NA	NA	NA
1	rs3765770	3625841	A	ADD	868	1.28	0.2685	0.7561	2.166	0.9186	0.3583	3.36778e-06	NA	NA	NA
1	rs1885865	3636151	C	ADD	868	0.9725	0.1264	0.7591	1.246	-0.2204	0.8255	4.07663e-06	NA	NA	NA
1	rs4648553	3638739	G	ADD	866	0.9234	0.1107	0.7432	1.147	-0.72	0.4715	0.00118121	NA	NA	NA
1	rs12117836	3647619	A	ADD	988	1.05	0.09811	0.8666	1.273	0.5004	0.6168	0.00184609	NA	NA	NA
1	rs1181888	3661651	C	ADD	1000	0.9405	0.13	0.729	1.213	-0.4716	0.6372	0.000150164	NA	NA	NA
1	rs1181883	3667793	G	ADD	999	1.034	0.09375	0.8606	1.243	0.3586	0.7199	0.0018966	NA	NA	NA
1	rs10910024	3669635	T	ADD	866	1.036	0.1188	0.8205	1.307	0.2943	0.7685	2.06948e-05	NA	NA	NA
1	rs1181877	3670589	A	ADD	999	1.155	0.09815	0.953	1.4	1.469	0.1418	0.00300923	NA	NA	NA
1	rs1181876	3671541	T	ADD	1000	0.8486	0.09263	0.7077	1.018	-1.772	0.07637	0.00409191	NA	NA	NA
1	rs1181875	3671691	G	ADD	1000	1.258	0.1406	0.9551	1.657	1.633	0.1025	0.00469131	NA	NA	NA
1	rs2275819	3679268	T	ADD	996	1.186	0.1614	0.8642	1.627	1.056	0.2911	0.0200056	NA	NA	NA
1	rs1175549	3681587	G	ADD	999	1.193	0.1042	0.9726	1.463	1.693	0.09048	3.37251e-06	NA	NA	NA
1	rs2799182	3685860	G	ADD	1000	1.159	0.09223	0.9671	1.388	1.597	0.1102	0.000200524	NA	NA	NA
1	rs3737593	3686396	G	ADD	1000	1.152	0.1439	0.8688	1.527	0.9824	0.3259	0.0016212	NA	NA	NA
1	rs6667255	3701549	C	ADD	997	1.124	0.1041	0.9166	1.378	1.123	0.2614	0.000221478	NA	NA	NA
1	rs6702935	3722567	T	ADD	1000	0.9237	0.09139	0.7722	1.105	-0.8686	0.3851	0.00708457	NA	NA	NA
1	rs4648344	3732992	T	ADD	1000	0.9667	0.09112	0.8086	1.156	-0.3721	0.7098	0.0062642	NA	NA	NA
1	rs6663840	3733179	A	ADD	1000	1.017	0.09486	0.8447	1.225	0.1804	0.8568	0.0101671	NA	NA	NA
1	rs2275831	3735784	T	ADD	1000	1.295	0.2119	0.855	1.962	1.221	0.2222	0.000205924	NA	NA	NA
1	rs7535133	3738373	T	ADD	1000	0.9663	0.1005	0.7936	1.177	-0.3407	0.7333	0.0100892	NA	NA	NA
1	rs7535887	3746353	T	ADD	999	1.299	0.2141	0.8536	1.975	1.221	0.2222	0.000205924	NA	NA	NA
1	rs10492943	3755284	T	ADD	1000	0.9304	0.1213	0.7335	1.18	-0.5951	0.5518	0.0201193	NA	NA	NA
1	rs6683156	3756301	T	ADD	992	0.8694	0.09265	0.725	1.043	-1.51	0.131	0.00580177	NA	NA	NA
1	rs10797348	3770956	C	ADD	995	1.082	0.09977	0.8901	1.316	0.7932	0.4277	0.000449139	NA	NA	NA
1	rs12738235	3776105	A	ADD	870	0.9699	0.1653	0.7016	1.341	-0.1847	0.8535	0.000263784	NA	NA	NA
1	rs6670527	3777609	C	ADD	870	1.013	0.1001	0.8322	1.232	0.1248	0.9007	0.000209842	NA	NA	NA
1	rs12756705	3779712	T	ADD	871	1.11	0.1403	0.8434	1.462	0.7458	0.4558	0.000650986	NA	NA	NA
1	rs7367066	3793615	T	ADD	998	1.06	0.0984	0.8743	1.286	0.5946	0.5521	0.00142671	NA	NA	NA
1	rs4131373	3797248	A	ADD	999	0.9699	0.1167	0.7716	1.219	-0.2616	0.7936	0.000473064	NA	NA	NA
1	rs11807227	3799283	A	ADD	1000	1.083	0.1396	0.8234	1.423	0.568	0.5701	0.0111455	NA	NA	NA
1	rs12724233	3902692	A	ADD	1000	1.1	0.1054	0.8946	1.353	0.9041	0.3659	0.0127276	NA	NA	NA
1	rs11583257	3904110	T	ADD	1000	0.8514	0.1096	0.6869	1.055	-1.468	0.1422	0.00130297	NA	NA	NA
1	rs10915433	3913951	C	ADD	1000	0.8169	0.1878	0.5654	1.18	-1.076	0.2817	0.00265906	NA	NA	NA
1	rs4654493	3916794	C	ADD	999	1.091	0.1014	0.8942	1.331	0.8572	0.3913	0.000444029	NA	NA	NA
1	rs7522140	3916997	C	ADD	1000	1.134	0.1026	0.9271	1.386	1.223	0.2214	6.99694e-05	NA	NA	NA
1	rs10915469	3922325	C	ADD	998	1.165	0.09406	0.9687	1.401	1.621	0.1049	2.12589e-07	NA	NA	NA
1	rs4654428	3939005	A	ADD	999	1.13	0.09755	0.9335	1.368	1.254	0.2098	0.000250778	NA	NA	NA
1	rs4654525	3940015	C	ADD	997	1.073	0.1038	0.8755	1.315	0.6789	0.4972	0.000543982	NA	NA	NA
1	rs12038964	3953295	C	ADD	999	1.223	0.1483	0.9146	1.636	1.358	0.1744	0.000103684	NA	NA	NA
1	rs6691155	3953927	C	ADD	999	1.171	0.09343	0.9749	1.406	1.688	0.09139	0.000224418	NA	NA	NA
1	rs4440829	3980640	A	ADD	990	1.077	0.1336	0.8287	1.399	0.5542	0.5795	0.000923783	NA	NA	NA
1	rs4378174	3980745	T	ADD	999	0.9333	0.1301	0.7232	1.205	-0.5302	0.596	1.89629e-05	NA	NA	NA
1	rs12036953	4004617	G	ADD	871	1.126	0.1159	0.8971	1.413	1.023	0.3063	0.000225374	NA	NA	NA
1	rs12749761	4011047	A	ADD	997	1.062	0.09773	0.877	1.286	0.617	0.5372	0.00598575	NA	NA	NA
1	rs9792946	4019522	G	ADD	997	1.256	0.1729	0.8953	1.763	1.32	0.1868	0.00142531	NA	NA	NA
1	rs7514530	4020171	T	ADD	1000	0.803	0.1025	0.6568	0.9817	-2.14	0.03238	0.000946371	NA	NA	NA
1	rs10753358	4028383	C	ADD	998	0.7741	0.09339	0.6446	0.9296	-2.741	0.006118	0.00613373	NA	NA	NA
1	rs3936238	4031586	T	ADD	998	0.7603	0.09165	0.6353	0.9099	-2.99	0.002786	0.00171237	NA	NA	NA
1	rs4436359	4039890	C	ADD	990	0.8272	0.1101	0.6667	1.026	-1.723	0.08491	0.00170866	NA	NA	NA
1	rs10915423	4045888	A	ADD	1000	0.9025	0.1433	0.6815	1.195	-0.716	0.474	0.00116294	NA	NA	NA
1	rs4481820	4052788	A	ADD	1000	1.04	0.1007	0.8539	1.267	0.3913	0.6955	1.1164e-05	NA	NA	NA
1	rs10915428	4058815	G	ADD	995	0.959	0.09004	0.8039	1.144	-0.4645	0.6423	0.00242922	NA	NA	NA
1	rs10915434	4073976	C	ADD	1000	0.9073	0.1151	0.724	1.137	-0.8452	0.398	8.59729e-05	NA	NA	NA
1	rs4654487	4087812	T	ADD	998	1.006	0.09556	0.834	1.213	0.05999	0.9522	0.00025999	NA	NA	NA
1	rs4654492	4101675	T	ADD	1000	1.113	0.09423	0.9257	1.339	1.14	0.2541	0.00167632	NA	NA	NA
1	rs7542208	4102678	G	ADD	1000	1.112	0.09064	0.9308	1.328	1.169	0.2424	0.00359562	NA	NA	NA
1	rs10915448	4107385	A	ADD	993	1.011	0.1001	0.8309	1.23	0.1105	0.912	0.000898832	NA	NA	NA
1	rs12062122	4113891	T	ADD	999	0.9661	0.1086	0.7809	1.195	-0.3176	0.7508	0.000917644	NA	NA	NA
1	rs9988443	4116025	A	ADD	999	0.9195	0.09945	0.7567	1.117	-0.8438	0.3988	0.00139114	NA	NA	NA
1	rs4609397	4116722	T	ADD	999	0.9907	0.1086	0.8007	1.226	-0.08642	0.9311	0.000917644	NA	NA	NA
1	rs4614226	4121459	C	ADD	999	1.081	0.09217	0.9023	1.295	0.8445	0.3984	0.00180895	NA	NA	NA
1	rs12123330	4127324	T	ADD	998	0.8756	0.1086	0.7077	1.083	-1.224	0.2211	0.000683041	NA	NA	NA
1	rs10915459	4130323	C	ADD	1000	0.9807	0.1535	0.7259	1.325	-0.127	0.8989	0.0126402	NA	NA	NA
1	rs4233262	4136842	C	ADD	1000	0.9338	0.105	0.7601	1.147	-0.6525	0.5141	0.000159563	NA	NA	NA
1	rs6667065	4160278	A	ADD	998	0.9597	0.09151	0.8021	1.148	-0.4493	0.6532	0.00512964	NA	NA	NA
1	rs4654424	4181318	G	ADD	1000	0.8774	0.1001	0.7211	1.068	-1.307	0.1911	0.011367	NA	NA	NA
1	rs10915480	4188663	G	ADD	998	0.9315	0.08787	0.7841	1.107	-0.8079	0.4192	0.00134422	NA	NA	NA
1	rs10753374	4188905	A	ADD	1000	1.159	0.1067	0.9406	1.429	1.386	0.1657	0.000550613	NA	NA	NA
1	rs4512614	4193860	G	ADD	1000	0.8472	0.1316	0.6546	1.096	-1.26	0.2076	0.00116369	NA	NA	NA
1	rs12132422	4195164	G	ADD	999	0.9725	0.1053	0.7911	1.195	-0.265	0.791	0.00118584	NA	NA	NA
1	rs7517989	4199587	T	ADD	999	1.284	0.1276	1	1.649	1.961	0.04989	0.00167831	NA	NA	NA
1	rs6426408	4200666	T	ADD	1000	1.297	0.1274	1.011	1.665	2.043	0.04104	0.00167831	NA	NA	NA
1	rs1908490	4212065	G	ADD	998	1.106	0.09252	0.9228	1.326	1.092	0.2749	0.000276992	NA	NA	NA
1	rs966321	4215064	C	ADD	997	1.129	0.09253	0.9416	1.353	1.31	0.1903	0.000339341	NA	NA	NA
1	rs964715	4216644	A	ADD	1000	0.9704	0.1017	0.7949	1.185	-0.2956	0.7676	8.76354e-07	NA	NA	NA
1	rs2411738	4226228	G	ADD	1000	1.081	0.09212	0.9023	1.295	0.8433	0.399	0.000739319	NA	NA	NA
1	rs17407901	4241377	T	ADD	999	1.093	0.1293	0.8481	1.408	0.6858	0.4928	0.000903461	NA	NA	NA
1	rs1390136	4241703	T	ADD	1000	1.04	0.1076	0.8425	1.285	0.3674	0.7133	4.5197e-05	NA	NA	NA
1	rs12562995	4259026	A	ADD	1000	0.9577	0.1892	0.661	1.388	-0.2283	0.8194	0.000449478	NA	NA	NA
1	rs693734	4264086	G	ADD	998	0.8655	0.09753	0.7149	1.048	-1.481	0.1386	0.00245444	NA	NA	NA
1	rs1495239	4269934	A	ADD	999	0.6738	0.1789	0.4745	0.9567	-2.208	0.02727	2.60984e-05	NA	NA	NA
1	rs1353341	4272852	T	ADD	998	0.8627	0.1895	0.595	1.251	-0.7795	0.4357	0.00232291	NA	NA	NA
1	rs3912751	4276676	T	ADD	999	0.9267	0.1094	0.7478	1.148	-0.6955	0.4867	0.00210235	NA	NA	NA
1	rs351605	4282649	T	ADD	996	0.9361	0.09111	0.783	1.119	-0.7242	0.4689	0.000324946	NA	NA	NA
1	rs639739	4289122	T	ADD	1000	1.079	0.1348	0.8281	1.405	0.5608	0.575	0.000403492	NA	NA	NA
1	rs684965	4297388	G	ADD	998	0.982	0.1108	0.7903	1.22	-0.1638	0.8699	0.000525464	NA	NA	NA
1	rs488256	4301423	T	ADD	1000	0.9801	0.111	0.7885	1.218	-0.1808	0.8565	1.60628e-05	NA	NA	NA
1	rs16838750	4304204	T	ADD	999	0.8737	0.163	0.6347	1.203	-0.8281	0.4076	0.00354192	NA	NA	NA
1	rs600933	4309356	C	ADD	999	0.8994	0.09612	0.745	1.086	-1.103	0.27	0.00073865	NA	NA	NA
1	rs480106	4311711	G	ADD	995	0.8939	0.09624	0.7402	1.079	-1.165	0.2439	0.00073865	NA	NA	NA
1	rs1531328	4318024	T	ADD	1000	0.9276	0.1355	0.7113	1.21	-0.5543	0.5794	0.0103818	NA	NA	NA
1	rs349394	4319314	A	ADD	1000	0.9313	0.09816	0.7683	1.129	-0.7254	0.4682	0.00115483	NA	NA	NA
1	rs349390	4323756	G	ADD	999	0.9626	0.09218	0.8035	1.153	-0.4135	0.6793	2.35889e-06	NA	NA	NA
1	rs16838813	4324005	A	ADD	999	1.097	0.1607	0.8006	1.503	0.5763	0.5644	0.000952734	NA	NA	NA
1	rs75411	4325274	A	ADD	1000	0.9813	0.1094	0.792	1.216	-0.173	0.8627	0.00336728	NA	NA	NA
1	rs1845635	4340949	C	ADD	998	0.9689	0.196	0.6598	1.423	-0.1611	0.872	0.00707849	NA	NA	NA
1	rs239339	4344399	T	ADD	1000	0.9683	0.1097	0.7809	1.201	-0.2935	0.7691	0.00449455	NA	NA	NA
1	rs547923	4368744	G	ADD	1000	1.069	0.1042	0.8711	1.311	0.6358	0.5249	0.000295587	NA	NA	NA
1	rs10915528	4371234	C	ADD	998	0.8973	0.1485	0.6707	1.201	-0.7295	0.4657	0.00136173	NA	NA	NA
1	rs4654432	4381075	T	ADD	999	0.9406	0.09213	0.7852	1.127	-0.6647	0.5062	3.26686e-05	NA	NA	NA
1	rs2035010	4386382	T	ADD	1000	1.094	0.1268	0.8533	1.403	0.7097	0.4779	1.12539e-05	NA	NA	NA
1	rs10915535	4391320	T	ADD	1000	1.023	0.1172	0.8131	1.287	0.195	0.8454	0.00176494	NA	NA	NA
1	rs1556691	4393075	T	ADD	996	1.018	0.1039	0.8308	1.248	0.1758	0.8605	0.00547742	NA	NA	NA
1	rs1762814	4396116	A	ADD	1000	1.096	0.09227	0.9148	1.313	0.9948	0.3198	0.00395136	NA	NA	NA
1	rs1674877	4396519	T	ADD	1000	1.178	0.1103	0.9486	1.462	1.481	0.1385	0.0138512	NA	NA	NA
1	rs12128230	4401771	C	ADD	987	0.8868	0.1194	0.7018	1.121	-1.006	0.3142	0.00366251	NA	NA	NA
1	rs705685	4410700	T	ADD	1000	1.215	0.1395	0.9242	1.597	1.395	0.1631	0.00324966	NA	NA	NA
1	rs922114	4411281	C	ADD	998	1.017	0.09002	0.8523	1.213	0.1845	0.8536	0.0022082	NA	NA	NA
1	rs11584026	4414313	A	ADD	997	0.9271	0.1367	0.7091	1.212	-0.5539	0.5797	0.000561952	NA	NA	NA
1	rs664520	4423217	C	ADD	995	0.9958	0.1001	0.8184	1.212	-0.04197	0.9665	0.000185056	NA	NA	NA
1	rs4654545	4425464	C	ADD	999	1.161	0.09539	0.9628	1.399	1.562	0.1182	0.00147286	NA	NA	NA
1	rs7541288	4435008	T	ADD	1000	0.8868	0.1277	0.6904	1.139	-0.9406	0.3469	0.00159045	NA	NA	NA
1	rs1037800	4440655	A	ADD	996	0.9442	0.1485	0.7057	1.263	-0.3864	0.6992	0.000413237	NA	NA	NA
1	rs6656245	4443523	G	ADD	862	1.299	0.2687	0.7672	2.199	0.9736	0.3303	0.000795909	NA	NA	NA
1	rs350170	4444038	C	ADD	997	0.8785	0.1282	0.6833	1.13	-1.01	0.3124	0.00227682	NA	NA	NA
1	rs350171	4444653	T	ADD	1000	0.8302	0.1432	0.627	1.099	-1.3	0.1938	0.00140465	NA	NA	NA
1	rs350187	4449793	A	ADD	998	0.8994	0.1486	0.6721	1.203	-0.7138	0.4754	0.023961	NA	NA	NA
1	rs1878052	4452662	A	ADD	998	0.8638	0.08898	0.7256	1.028	-1.645	0.1	0.000318359	NA	NA	NA
1	rs350193	4454074	T	ADD	995	0.833	0.1566	0.6128	1.132	-1.166	0.2435	0.00625795	NA	NA	NA
1	rs609506	4458793	T	ADD	1000	1.195	0.0949	0.9924	1.44	1.88	0.06011	0.00137147	NA	NA	NA
1	rs6681032	4462989	T	ADD	998	1.036	0.1776	0.7319	1.468	0.2019	0.84	7.47682e-07	NA	NA	NA
1	rs350165	4464544	T	ADD	1000	0.8983	0.1294	0.6971	1.158	-0.829	0.4071	0.0024124	NA	NA	NA
1	rs1870509	4466655	T	ADD	997	1.058	0.09123	0.8848	1.265	0.6187	0.5361	0.00010504	NA	NA	NA
1	rs10799241	4469407	G	ADD	1000	0.9211	0.09174	0.7695	1.103	-0.8963	0.3701	0.000103327	NA	NA	NA
1	rs4654552	4470842	T	ADD	1000	0.9068	0.179	0.6385	1.288	-0.5466	0.5847	0.00327585	NA	NA	NA
1	rs4480324	4472959	A	ADD	998	1.222	0.1014	1.002	1.491	1.977	0.04806	0.000562729	NA	NA	NA
1	rs1710421	4473849	C	ADD	999	1.281	0.1124	1.027	1.596	2.2	0.02782	0.00441735	NA	NA	NA
1	rs12039682	4481090	T	ADD	1000	1.119	0.1427	0.8463	1.48	0.7898	0.4297	0.00278703	NA	NA	NA
1	rs780983	4486466	T	ADD	998	1.131	0.1191	0.8957	1.429	1.036	0.3004	0.0031123	NA	NA	NA
1	rs241239	4487037	G	ADD	997	0.8904	0.1012	0.7302	1.086	-1.147	0.2515	0.0023758	NA	NA	NA
1	rs241238	4487379	G	ADD	996	0.9034	0.09029	0.7569	1.078	-1.125	0.2607	0.000265382	NA	NA	NA
1	rs241233	4490410	A	ADD	998	0.9458	0.1056	0.769	1.163	-0.5276	0.5978	0.00188589	NA	NA	NA
1	rs241230	4491976	A	ADD	999	0.9423	0.1204	0.7443	1.193	-0.4939	0.6214	0.000578323	NA	NA	NA
1	rs592726	4499103	G	ADD	999	0.9605	0.09231	0.8015	1.151	-0.4365	0.6625	0.00550825	NA	NA	NA
1	rs241221	4508910	T	ADD	1000	1.005	0.09224	0.8392	1.205	0.0593	0.9527	0.0108788	NA	NA	NA
1	rs171319	4514873	A	ADD	997	0.8723	0.09461	0.7246	1.05	-1.444	0.1487	0.0014849	NA	NA	NA
1	rs10915560	4520783	C	ADD	999	0.895	0.111	0.7201	1.113	-0.9991	0.3177	0.0108684	NA	NA	NA
1	rs241273	4526937	A	ADD	1000	1.11	0.09005	0.9304	1.324	1.159	0.2465	0.00518653	NA	NA	NA
1	rs241211	4532388	C	ADD	997	1.211	0.1477	0.9065	1.617	1.296	0.1951	0.00261307	NA	NA	NA
1	rs1541318	4534838	C	ADD	1000	0.8262	0.09279	0.6888	0.991	-2.058	0.03961	0.00257642	NA	NA	NA
1	rs1157688	4536627	A	ADD	1000	1.285	0.1057	1.044	1.58	2.368	0.01789	1.66033e-05	NA	NA	NA
1	rs1024139	4540762	G	ADD	998	0.9425	0.1102	0.7594	1.17	-0.5373	0.5911	0.0059555	NA	NA	NA
1	rs2078573	4543292	G	ADD	999	0.8224	0.1074	0.6663	1.015	-1.822	0.0685	0.00635961	NA	NA	NA
1	rs164771	4553625	T	ADD	997	1.322	0.1474	0.9905	1.765	1.896	0.05802	8.77314e-05	NA	NA	NA
1	rs12567277	4558398	T	ADD	999	1.033	0.09144	0.8638	1.236	0.3593	0.7194	0.0096893	NA	NA	NA
1	rs618751	4562392	T	ADD	1000	0.9912	0.0967	0.8201	1.198	-0.09138	0.9272	0.00490075	NA	NA	NA
1	rs164781	4565092	C	ADD	998	0.8687	0.0916	0.7259	1.04	-1.537	0.1243	0.000362252	NA	NA	NA
1	rs10489133	4573797	A	ADD	1000	1.36	0.2428	0.8452	2.189	1.267	0.205	0.00418039	NA	NA	NA
1	rs6668002	4581964	T	ADD	997	1.04	0.09293	0.8669	1.248	0.4224	0.6727	2.41099e-05	NA	NA	NA
1	rs6674936	4584165	C	ADD	998	1.019	0.09243	0.8505	1.222	0.2086	0.8348	0.00123217	NA	NA	NA
1	rs2269620	4587142	G	ADD	999	0.9366	0.113	0.7505	1.169	-0.5793	0.5624	0.000717318	NA	NA	NA
1	rs4654576	4587674	A	ADD	1000	0.8701	0.1445	0.6556	1.155	-0.9629	0.3356	0.000125205	NA	NA	NA
1	rs7527078	4590753	T	ADD	1000	0.9995	0.0926	0.8336	1.198	-0.004896	0.9961	0.0042279	NA	NA	NA
1	rs2071967	4595952	A	ADD	998	1.109	0.1074	0.8981	1.368	0.9597	0.3372	0.00428143	NA	NA	NA
1	rs2035453	4604815	T	ADD	1000	1.033	0.09523	0.8575	1.246	0.3458	0.7295	0.000109051	NA	NA	NA
1	rs4654454	4608022	C	ADD	1000	1.054	0.1853	0.7332	1.516	0.2848	0.7758	7.38627e-05	NA	NA	NA
1	rs10915577	4610346	A	ADD	999	1.044	0.09261	0.871	1.252	0.4681	0.6397	0.00110268	NA	NA	NA
1	rs1483198	4617251	G	ADD	999	1.009	0.1153	0.8051	1.265	0.08066	0.9357	0	NA	NA	NA
1	rs11588149	4625356	T	ADD	1000	1.418	0.1838	0.9893	2.034	1.901	0.05724	3.80041e-05	NA	NA	NA
1	rs6658098	4626946	T	ADD	1000	0.9262	0.09128	0.7745	1.108	-0.8401	0.4009	0.00174361	NA	NA	NA
1	rs11587129	4631788	A	ADD	1000	1.145	0.1022	0.9373	1.399	1.326	0.1847	0.000114491	NA	NA	NA
1	rs1564667	4632333	G	ADD	999	1.111	0.09273	0.9267	1.333	1.139	0.2546	0.000111065	NA	NA	NA
1	rs2071989	4637465	T	ADD	999	1.201	0.2108	0.7942	1.815	0.8673	0.3858	0.000706787	NA	NA	NA
1	rs2071995	4638538	T	ADD	1000	1.114	0.1753	0.7903	1.571	0.6171	0.5372	0.000188909	NA	NA	NA
1	rs10799257	4639178	C	ADD	984	1.102	0.1054	0.8961	1.355	0.919	0.3581	0.003392	NA	NA	NA
1	rs763238	4643564	T	ADD	999	0.918	0.1021	0.7516	1.121	-0.8377	0.4022	0.00225706	NA	NA	NA
1	rs10915587	4646496	C	ADD	990	0.908	0.09139	0.7591	1.086	-1.056	0.291	0.00489741	NA	NA	NA
1	rs242052	4650890	G	ADD	994	1.017	0.1126	0.816	1.269	0.1537	0.8779	0.0143601	NA	NA	NA
1	rs7518469	4656136	T	ADD	997	0.8898	0.1978	0.6038	1.311	-0.5906	0.5548	0.00167664	NA	NA	NA
1	rs6681520	4663261	T	ADD	1000	0.9156	0.088	0.7705	1.088	-1.002	0.3162	0.00437375	NA	NA	NA
1	rs4654593	4669685	T	ADD	998	0.8146	0.1405	0.6185	1.073	-1.459	0.1445	0.00777258	NA	NA	NA
1	rs242058	4674298	T	ADD	1000	0.9319	0.104	0.7601	1.143	-0.6783	0.4976	0.00149643	NA	NA	NA
1	rs3820251	4681011	T	ADD	1000	0.9526	0.1304	0.7378	1.23	-0.3725	0.7095	0.000481369	NA	NA	NA
1	rs3820253	4684744	A	ADD	999	1.227	0.2243	0.7908	1.905	0.9138	0.3608	0.000144712	NA	NA	NA
1	rs242044	4686979	G	ADD	1000	1.09	0.09079	0.9123	1.302	0.9486	0.3428	0.0089741	NA	NA	NA
1	rs446529	4695274	T	ADD	998	0.9863	0.09607	0.817	1.191	-0.1438	0.8857	0.000717804	NA	NA	NA
1	rs3753702	4699060	T	ADD	1000	0.9407	0.1293	0.7301	1.212	-0.4729	0.6363	0.00282427	NA	NA	NA
1	rs4654598	4704202	A	ADD	1000	0.97	0.1151	0.7742	1.215	-0.2643	0.7916	0.0130905	NA	NA	NA
1	rs380239	4712975	C	ADD	998	1.161	0.08937	0.9743	1.383	1.669	0.09518	0.00082471	NA	NA	NA
1	rs428001	4714260	A	ADD	1000	1.228	0.09382	1.022	1.476	2.188	0.02868	1.52313e-05	NA	NA	NA
1	rs397559	4720659	C	ADD	997	0.8532	0.1072	0.6916	1.053	-1.481	0.1386	0.00396412	NA	NA	NA
1	rs12066439	4724171	T	ADD	1000	1.03	0.1002	0.8466	1.254	0.2983	0.7655	0.0148281	NA	NA	NA
1	rs2743979	4725012	A	ADD	1000	1.042	0.09592	0.8635	1.258	0.4299	0.6673	0.0284473	NA	NA	NA
1	rs423285	4730936	G	ADD	1000	0.8918	0.1134	0.714	1.114	-1.01	0.3126	0.000561038	NA	NA	NA
1	rs3766977	4733358	T	ADD	1000	1.146	0.1387	0.873	1.503	0.9802	0.327	0.00121049	NA	NA	NA
1	rs399377	4735235	T	ADD	1000	0.9725	0.1143	0.7773	1.217	-0.2437	0.8075	0.000854322	NA	NA	NA
1	rs414909	4738101	T	ADD	1000	0.9926	0.09731	0.8202	1.201	-0.07669	0.9389	0.00824477	NA	NA	NA
1	rs9426506	4744236	T	ADD	999	0.9459	0.09428	0.7863	1.138	-0.5896	0.5555	0.0244208	NA	NA	NA
1	rs2411894	4752767	T	ADD	998	0.9803	0.0963	0.8117	1.184	-0.2068	0.8362	2.9443e-05	NA	NA	NA
1	rs12410445	4767710	G	ADD	874	1.036	0.2098	0.687	1.563	0.1704	0.8647	0.0019002	NA	NA	NA
1	rs10915613	4774365	G	ADD	999	1.011	0.1229	0.795	1.287	0.09293	0.926	4.14772e-05	NA	NA	NA
1	rs1120120	4778731	C	ADD	998	0.8499	0.1529	0.6298	1.147	-1.064	0.2874	0.000330177	NA	NA	NA
1	rs12026226	4787770	A	ADD	1000	1.26	0.1696	0.9036	1.757	1.362	0.1732	4.7078e-05	NA	NA	NA
1	rs2181699	4787872	A	ADD	999	0.9437	0.08943	0.792	1.124	-0.6482	0.5169	5.01852e-07	NA	NA	NA
1	rs2025378	4791596	A	ADD	994	1.035	0.09408	0.8604	1.244	0.3613	0.7179	0.000636577	NA	NA	NA
1	rs10915644	4827658	C	ADD	998	0.9523	0.0905	0.7976	1.137	-0.5395	0.5895	0.00637026	NA	NA	NA
1	rs4654465	4854635	A	ADD	1000	1.046	0.1006	0.8585	1.273	0.4435	0.6574	0.00243226	NA	NA	NA
1	rs1998542	4860771	C	ADD	999	1.052	0.1239	0.8248	1.341	0.4063	0.6845	0.00185925	NA	NA	NA
1	rs1980722	4863865	G	ADD	991	0.9851	0.09419	0.819	1.185	-0.1597	0.8731	0.00245511	NA	NA	NA
1	rs10753392	4869610	G	ADD	1000	1.037	0.09556	0.8597	1.25	0.3782	0.7053	6.93895e-05	NA	NA	NA
1	rs10915668	4873161	T	ADD	1000	0.9728	0.09153	0.813	1.164	-0.3016	0.763	0.00042059	NA	NA	NA
1	rs10157835	4875425	G	ADD	995	0.9597	0.1059	0.7799	1.181	-0.388	0.698	0.000693561	NA	NA	NA
1	rs942245	4881363	C	ADD	998	0.9893	0.09328	0.824	1.188	-0.1152	0.9083	0.00105336	NA	NA	NA
1	rs6666453	4887284	G	ADD	1000	1.055	0.1212	0.8319	1.338	0.4405	0.6596	0.000794059	NA	NA	NA
1	rs2898853	4892064	C	ADD	1000	0.9649	0.09834	0.7957	1.17	-0.3637	0.7161	0.00160481	NA	NA	NA
1	rs10915683	4896045	G	ADD	999	1.01	0.0904	0.846	1.206	0.1097	0.9127	0.00597005	NA	NA	NA
1	rs7555212	4902227	C	ADD	999	1.038	0.09348	0.8644	1.247	0.4007	0.6886	0.00405331	NA	NA	NA
1	rs6669905	4902573	T	ADD	999	0.9542	0.09126	0.7979	1.141	-0.5134	0.6076	0.0114698	NA	NA	NA
1	rs6692780	4914443	T	ADD	998	1.017	0.09589	0.8431	1.228	0.1796	0.8574	0.0143387	NA	NA	NA
1	rs1563791	4943594	C	ADD	994	1.068	0.1172	0.8485	1.343	0.5578	0.577	0.0187588	NA	NA	NA
1	rs7365286	4947023	T	ADD	1000	1.028	0.0942	0.8548	1.237	0.2944	0.7685	0.000595941	NA	NA	NA
1	rs6683624	4951570	T	ADD	992	0.9836	0.1149	0.7853	1.232	-0.1441	0.8855	0.00400167	NA	NA	NA
1	rs10915311	4968815	C	ADD	999	0.8974	0.09116	0.7506	1.073	-1.187	0.2351	0.00248876	NA	NA	NA
1	rs12047764	4977412	C	ADD	998	0.9273	0.1018	0.7596	1.132	-0.7417	0.4583	0.0230605	NA	NA	NA
1	rs10915315	4978209	G	ADD	1000	0.9859	0.09919	0.8117	1.197	-0.1435	0.8859	0.00780423	NA	NA	NA
1	rs2334259	4981880	G	ADD	1000	1.319	0.1117	1.06	1.642	2.479	0.01317	0.000180215	NA	NA	NA
1	rs1459765	4987922	A	ADD	1000	0.8869	0.1146	0.7085	1.11	-1.047	0.2952	0.000238883	NA	NA	NA
1	rs2169089	4988477	T	ADD	999	0.9602	0.1085	0.7763	1.188	-0.3743	0.7082	0.00198472	NA	NA	NA
1	rs4949162	5000743	C	ADD	1000	1.003	0.1091	0.8102	1.243	0.03086	0.9754	0.00279665	NA	NA	NA
1	rs1459760	5003897	C	ADD	1000	0.9446	0.093	0.7872	1.133	-0.6129	0.5399	0.00061748	NA	NA	NA
1	rs10799157	5013771	A	ADD	1000	1.112	0.1141	0.8892	1.391	0.9315	0.3516	0.00856563	NA	NA	NA
1	rs10915330	5017275	G	ADD	1000	1.053	0.1059	0.856	1.296	0.4914	0.6232	0.000237507	NA	NA	NA
1	rs1563792	5024719	C	ADD	999	1.081	0.09846	0.8914	1.311	0.7919	0.4284	0.00266921	NA	NA	NA
1	rs6680801	5044926	A	ADD	996	0.9028	0.124	0.7081	1.151	-0.8251	0.4093	0.00392446	NA	NA	NA
1	rs2290849	5051105	A	ADD	995	0.9578	0.1009	0.7859	1.167	-0.427	0.6694	0.00194075	NA	NA	NA
1	rs2242157	5060522	A	ADD	998	0.9985	0.0917	0.8342	1.195	-0.01643	0.9869	0.000195399	NA	NA	NA
1	rs1459766	5060591	A	ADD	999	1.144	0.1038	0.9336	1.402	1.298	0.1943	0.000939032	NA	NA	NA
1	rs2169090	5064284	G	ADD	996	0.9948	0.09177	0.8311	1.191	-0.05637	0.955	0.000195399	NA	NA	NA
1	rs10733013	5068523	T	ADD	999	1.163	0.09365	0.9683	1.398	1.616	0.1061	5.50368e-08	NA	NA	NA
1	rs2722784	5069164	C	ADD	999	0.9656	0.09997	0.7938	1.175	-0.3502	0.7262	0.003168	NA	NA	NA
1	rs7513590	5070572	G	ADD	997	0.9167	0.1464	0.688	1.221	-0.5937	0.5527	0.00261361	NA	NA	NA
1	rs10737396	5081475	T	ADD	999	0.9855	0.1028	0.8056	1.206	-0.1422	0.887	5.33904e-05	NA	NA	NA
1	rs2722793	5083937	C	ADD	998	0.9702	0.1028	0.7931	1.187	-0.2942	0.7686	0.000378454	NA	NA	NA
1	rs17374719	5089502	G	ADD	998	0.9107	0.1343	0.7	1.185	-0.6964	0.4862	0.00269183	NA	NA	NA
1	rs10492925	5095231	C	ADD	998	1.078	0.1099	0.8693	1.338	0.6854	0.4931	0.000559525	NA	NA	NA
1	rs9439506	5096599	G	ADD	1000	0.9892	0.09351	0.8235	1.188	-0.1167	0.9071	0.000269811	NA	NA	NA
1	rs9439511	5118461	T	ADD	999	1.022	0.09198	0.853	1.223	0.2315	0.817	0.0033194	NA	NA	NA
1	rs9286977	5133144	A	ADD	867	0.9611	0.1257	0.7512	1.23	-0.3158	0.7521	0.0120911	NA	NA	NA
1	rs6698702	5135970	T	ADD	1000	0.7879	0.1625	0.573	1.083	-1.467	0.1425	0.000147979	NA	NA	NA
1	rs4641339	5143708	A	ADD	1000	1.849	0.1795	1.3	2.628	3.423	0.0006193	0.000418815	NA	NA	NA
1	rs17366838	5146486	T	ADD	1000	1.037	0.1185	0.8219	1.308	0.3052	0.7602	0.00391084	NA	NA	NA
1	rs10492930	5146942	G	ADD	1000	1.064	0.1039	0.8682	1.305	0.6006	0.5481	0.00632322	NA	NA	NA
1	rs10492931	5147215	A	ADD	1000	1.068	0.09131	0.8932	1.278	0.7229	0.4698	0.000871943	NA	NA	NA
1	rs7536712	5153524	T	ADD	999	0.8211	0.09148	0.6863	0.9824	-2.154	0.03121	0.000804872	NA	NA	NA
1	rs7528871	5158955	A	ADD	1000	0.8777	0.1018	0.719	1.071	-1.282	0.1999	0.0170476	NA	NA	NA
1	rs2679218	5162761	C	ADD	989	0.9967	0.09674	0.8245	1.205	-0.03454	0.9724	0.00804111	NA	NA	NA
1	rs10915379	5169100	G	ADD	994	1.016	0.09158	0.8493	1.216	0.1764	0.8599	0.0128209	NA	NA	NA
1	rs2883104	5177299	T	ADD	998	1.106	0.1818	0.7746	1.58	0.5547	0.5791	0.000228185	NA	NA	NA
1	rs7549461	5180977	A	ADD	1000	0.907	0.09727	0.7495	1.097	-1.004	0.3155	0.0130595	NA	NA	NA
1	rs16840190	5182586	T	ADD	870	1.311	0.2201	0.8517	2.018	1.231	0.2185	0.00306591	NA	NA	NA
1	rs938962	5183802	A	ADD	1000	0.9336	0.09206	0.7795	1.118	-0.7459	0.4558	0.00483138	NA	NA	NA
1	rs12024316	5183883	G	ADD	871	1.284	0.2209	0.833	1.98	1.133	0.2572	0.00306591	NA	NA	NA
1	rs677735	5195036	A	ADD	1000	1.224	0.1398	0.931	1.61	1.449	0.1475	0.000234625	NA	NA	NA
1	rs2353169	5196704	C	ADD	1000	0.9632	0.09015	0.8072	1.149	-0.4157	0.6776	0.0102722	NA	NA	NA
1	rs473104	5197705	T	ADD	1000	1.194	0.111	0.9604	1.484	1.596	0.1106	0.00111999	NA	NA	NA
1	rs12135834	5209527	T	ADD	1000	0.9365	0.08885	0.7868	1.115	-0.7389	0.4599	0.00988586	NA	NA	NA
1	rs4475768	5212025	G	ADD	999	1.45	0.2187	0.9445	2.226	1.699	0.08938	7.223e-05	NA	NA	NA
1	rs6703948	5213305	A	ADD	1000	0.9737	0.1092	0.786	1.206	-0.244	0.8073	1.39553e-05	NA	NA	NA
1	rs630153	5220999	A	ADD	999	1.275	0.09432	1.06	1.534	2.575	0.01002	0.00105553	NA	NA	NA
1	rs499416	5224091	T	ADD	999	0.811	0.09957	0.6672	0.9858	-2.104	0.03541	0.000407988	NA	NA	NA
1	rs490606	5237704	A	ADD	999	1.615	0.1081	1.307	1.996	4.433	9.284e-06	0.010646	NA	NA	NA
1	rs17423547	5241324	C	ADD	1000	0.6681	0.1006	0.5485	0.8137	-4.009	6.106e-05	0.0435385	NA	NA	NA
1	rs604664	5242892	T	ADD	999	0.9504	0.08958	0.7974	1.133	-0.5675	0.5704	0.000871415	NA	NA	NA
1	rs557477	5246334	G	ADD	998	1.979	0.09357	1.647	2.377	7.293	3.04e-13	0.20142	NA	NA	NA
1	rs10915406	5249476	A	ADD	999	0.6639	0.116	0.5289	0.8335	-3.53	0.000416	0.207758	NA	NA	NA
1	rs932789	5254224	G	ADD	1000	2.187	0.09748	1.806	2.647	8.026	1.005e-15	1	1	0.880001788714184	0.880001788714184
1	rs912988	5254704	T	ADD	1000	2.106	0.09579	1.745	2.541	7.774	7.602e-15	0.719973	1	0.119998211285816	1
1	rs912991	5258244	G	ADD	1000	1.08	0.0895	0.9066	1.288	0.8642	0.3875	0.00285822	NA	NA	NA
1	rs4847569	5279484	A	ADD	1000	0.9517	0.09109	0.7961	1.138	-0.5437	0.5866	0.00149041	NA	NA	NA
1	rs1570964	5284018	T	ADD	1000	0.9991	0.08839	0.8402	1.188	-0.009721	0.9922	0.00280435	NA	NA	NA
1	rs1326005	5303445	T	ADD	1000	1.065	0.08857	0.8952	1.267	0.7106	0.4773	0.00102758	NA	NA	NA
1	rs7525683	5321657	G	ADD	998	1.132	0.1956	0.7718	1.662	0.6358	0.5249	0.0114898	NA	NA	NA
1	rs11801594	5325970	T	ADD	998	1.171	0.09208	0.9776	1.403	1.714	0.0865	0.00402792	NA	NA	NA
1	rs7368252	5386919	T	ADD	992	1.008	0.1038	0.8224	1.235	0.07554	0.9398	0.00772985	NA	NA	NA
1	rs7418357	5394104	A	ADD	999	0.8431	0.09883	0.6947	1.023	-1.726	0.08427	2.28376e-05	NA	NA	NA
1	rs3924260	5402448	C	ADD	1000	1.155	0.09087	0.9665	1.38	1.585	0.113	0.0123688	NA	NA	NA
1	rs11260657	5404973	A	ADD	990	0.8543	0.1364	0.6539	1.116	-1.154	0.2484	0.00190485	NA	NA	NA
1	rs3922826	5407764	G	ADD	999	1.005	0.1157	0.8011	1.261	0.04268	0.966	0.000334157	NA	NA	NA
1	rs7415936	5414088	A	ADD	1000	1.059	0.1052	0.8615	1.301	0.5425	0.5875	0.00130001	NA	NA	NA
1	rs10907214	5427140	A	ADD	1000	1.241	0.09815	1.024	1.504	2.199	0.02791	0.000622175	NA	NA	NA
1	rs11260694	5436781	T	ADD	999	0.9396	0.08982	0.788	1.121	-0.6932	0.4882	0.000894347	NA	NA	NA
1	rs11260696	5444641	C	ADD	998	0.9276	0.1577	0.6809	1.264	-0.4766	0.6336	0.000115763	NA	NA	NA
1	rs7536506	5451104	G	ADD	995	0.9671	0.08873	0.8127	1.151	-0.3769	0.7063	0.00198588	NA	NA	NA
1	rs7414864	5456913	T	ADD	1000	0.7478	0.2022	0.5031	1.112	-1.437	0.1507	5.98308e-05	NA	NA	NA
1	rs17345621	5467983	G	ADD	1000	1.266	0.1292	0.9826	1.63	1.824	0.06818	0.00721083	NA	NA	NA
1	rs9786944	5471099	A	ADD	1000	1.073	0.186	0.7456	1.546	0.3813	0.703	0.0147929	NA	NA	NA
1	rs2071959	5478654	A	ADD	1000	1.348	0.1133	1.08	1.683	2.636	0.008397	0.00278304	NA	NA	NA
1	rs12128558	5492078	A	ADD	999	0.9587	0.1452	0.7213	1.274	-0.2905	0.7714	1.49724e-05	NA	NA	NA
1	rs9729649	5494891	A	ADD	1000	0.916	0.1158	0.73	1.149	-0.7574	0.4488	0.00538113	NA	NA	NA
1	rs10796400	5502779	G	ADD	999	1.019	0.1068	0.8262	1.256	0.1727	0.8629	0.000805171	NA	NA	NA
1	rs10737109	5515009	G	ADD	1000	1.16	0.1262	0.9055	1.485	1.174	0.2404	0.000165671	NA	NA	NA
1	rs2153900	5517324	A	ADD	999	1.072	0.1141	0.8567	1.34	0.6052	0.5451	0.000162213	NA	NA	NA
1	rs7515958	5526437	G	ADD	999	1.089	0.1148	0.8694	1.363	0.7402	0.4592	0.00479779	NA	NA	NA
1	rs1935762	5539417	C	ADD	1000	0.8332	0.161	0.6078	1.142	-1.133	0.2571	0.00457611	NA	NA	NA
1	rs11803192	5546270	C	ADD	997	0.8223	0.1597	0.6013	1.125	-1.225	0.2206	0.00341928	NA	NA	NA
1	rs4845835	5550499	A	ADD	1000	0.894	0.0913	0.7475	1.069	-1.228	0.2195	0.00670297	NA	NA	NA
1	rs1775421	5564169	A	ADD	1000	1.025	0.1668	0.7391	1.421	0.1472	0.883	0.00650677	NA	NA	NA
1	rs1818038	5565098	A	ADD	997	0.9958	0.09331	0.8294	1.196	-0.045	0.9641	0.000257549	NA	NA	NA
1	rs10907200	5568589	T	ADD	1000	0.9135	0.09274	0.7617	1.096	-0.9755	0.3293	0.000189177	NA	NA	NA
1	rs950601	5582174	A	ADD	999	1.129	0.09818	0.9316	1.369	1.238	0.2157	0.000219774	NA	NA	NA
1	rs707582	5594373	G	ADD	999	0.8243	0.08937	0.6918	0.9821	-2.162	0.0306	0.00279955	NA	NA	NA
1	rs11260662	5597631	T	ADD	999	1.209	0.1172	0.9613	1.522	1.623	0.1046	0.00034292	NA	NA	NA
1	rs9439603	5602028	G	ADD	998	0.848	0.08899	0.7123	1.01	-1.852	0.064	0.00730057	NA	NA	NA
1	rs9439587	5602395	A	ADD	999	1.03	0.1036	0.841	1.262	0.2877	0.7736	0.000257617	NA	NA	NA
1	rs10157819	5603159	G	ADD	997	0.7312	0.1095	0.59	0.9063	-2.859	0.004252	0.0127164	NA	NA	NA
1	rs9439605	5603395	A	ADD	1000	1.16	0.1067	0.9414	1.431	1.394	0.1633	0.0208993	NA	NA	NA
1	rs945322	5606888	G	ADD	1000	1.268	0.1973	0.8615	1.867	1.205	0.2284	0.00023144	NA	NA	NA
1	rs1855786	5615315	G	ADD	999	0.7915	0.1073	0.6414	0.9768	-2.179	0.02936	0.000334414	NA	NA	NA
1	rs17426695	5619012	A	ADD	999	0.8929	0.2118	0.5896	1.352	-0.5351	0.5926	0.020608	NA	NA	NA
1	rs6670965	5619264	A	ADD	1000	1.17	0.08977	0.9812	1.395	1.748	0.08044	0.000669125	NA	NA	NA
1	rs10492947	5622062	A	ADD	996	0.7038	0.1179	0.5586	0.8868	-2.979	0.002889	0.00122491	NA	NA	NA
1	rs1499395	5630525	T	ADD	999	0.9188	0.09423	0.7639	1.105	-0.8986	0.3689	7.44729e-06	NA	NA	NA
1	rs709184	5632420	A	ADD	1000	0.7261	0.1307	0.562	0.9382	-2.448	0.01436	0.00296202	NA	NA	NA
1	rs11260671	5639975	C	ADD	1000	0.9787	0.09478	0.8128	1.179	-0.2269	0.8205	0.00493101	NA	NA	NA
1	rs707580	5647527	G	ADD	998	1.042	0.1054	0.8477	1.281	0.3917	0.6953	0.000777921	NA	NA	NA
1	rs1081454	5656600	C	ADD	1000	0.766	0.138	0.5844	1.004	-1.931	0.05351	0.00273052	NA	NA	NA
1	rs707593	5659269	T	ADD	1000	0.9536	0.09522	0.7913	1.149	-0.4989	0.6179	4.15712e-05	NA	NA	NA
1	rs770701	5666096	G	ADD	1000	1.307	0.1326	1.008	1.694	2.017	0.04373	8.3258e-06	NA	NA	NA
1	rs770702	5667508	G	ADD	997	0.9663	0.0985	0.7967	1.172	-0.3477	0.7281	0.000647568	NA	NA	NA
1	rs10492949	5667550	C	ADD	1000	0.8643	0.2183	0.5634	1.326	-0.6679	0.5042	0.00556892	NA	NA	NA
1	rs7521197	5681359	C	ADD	1000	1.029	0.1967	0.6996	1.512	0.1432	0.8861	1.49036e-06	NA	NA	NA
1	rs796396	5687466	G	ADD	999	0.8	0.123	0.6286	1.018	-1.814	0.06974	0.00197402	NA	NA	NA
1	rs770693	5687940	A	ADD	992	1.003	0.08983	0.8413	1.196	0.03678	0.9707	0.00512087	NA	NA	NA
1	rs873982	5692852	G	ADD	999	1.178	0.09675	0.9743	1.424	1.691	0.09084	0.00723155	NA	NA	NA
1	rs904532	5700507	T	ADD	999	1.062	0.08994	0.89	1.266	0.6648	0.5062	0.00377738	NA	NA	NA
1	rs2842256	5717165	G	ADD	999	1.027	0.09206	0.8574	1.23	0.289	0.7726	0.00125228	NA	NA	NA
1	rs2133496	5723491	A	ADD	999	1.027	0.09884	0.8462	1.247	0.2699	0.7872	0.000428815	NA	NA	NA
1	rs4433399	5733711	A	ADD	998	1.023	0.126	0.7995	1.31	0.1839	0.8541	0.000713162	NA	NA	NA
1	rs17429690	5736722	A	ADD	1000	1.005	0.1446	0.7573	1.335	0.03747	0.9701	0.000134926	NA	NA	NA
1	rs4129514	5754188	A	ADD	1000	1.013	0.1191	0.8021	1.279	0.1083	0.9138	0.000832184	NA	NA	NA
1	rs11260693	5758904	G	ADD	871	1.118	0.129	0.8683	1.44	0.8658	0.3866	7.21983e-07	NA	NA	NA
1	rs7522874	5768994	C	ADD	871	1.208	0.184	0.842	1.732	1.025	0.3054	0.00367968	NA	NA	NA
1	rs6701947	5793121	A	ADD	870	0.8288	0.1055	0.674	1.019	-1.779	0.07524	0.00778274	NA	NA	NA
1	rs9308476	5803053	C	ADD	1000	0.8846	0.09957	0.7278	1.075	-1.231	0.2182	0.0172136	NA	NA	NA
1	rs1890191	5809727	G	ADD	993	0.9325	0.09577	0.7729	1.125	-0.73	0.4654	0.02281	NA	NA	NA
1	rs1698976	5823382	A	ADD	999	1.058	0.09344	0.881	1.271	0.6037	0.546	0.00864555	NA	NA	NA
1	rs1624858	5827305	C	ADD	998	0.8786	0.09691	0.7266	1.062	-1.336	0.1816	0.0358506	NA	NA	NA
1	rs506776	5828924	T	ADD	999	0.9904	0.107	0.803	1.221	-0.09037	0.928	0.0288455	NA	NA	NA
1	rs11121600	5843629	A	ADD	998	1.132	0.1104	0.9117	1.405	1.123	0.2616	0.00719189	NA	NA	NA
1	rs12133533	5845421	A	ADD	998	1.176	0.1215	0.9271	1.493	1.337	0.1812	0.0178492	NA	NA	NA
1	rs11121648	5846375	T	ADD	1000	0.9302	0.09451	0.7729	1.12	-0.7654	0.444	0.000842005	NA	NA	NA
1	rs12737596	5848542	C	ADD	1000	0.9379	0.2073	0.6248	1.408	-0.309	0.7573	0.00475418	NA	NA	NA
1	rs868162	5856823	A	ADD	999	1.166	0.0939	0.9697	1.401	1.632	0.1027	0.00471024	NA	NA	NA
1	rs7549324	5904631	A	ADD	993	1.035	0.0949	0.8593	1.247	0.3619	0.7174	0.000222467	NA	NA	NA
1	rs2062784	5922716	C	ADD	999	0.7972	0.1122	0.6398	0.9933	-2.02	0.04341	0.00522608	NA	NA	NA
1	rs551207	5930033	C	ADD	1000	1.634	0.127	1.274	2.096	3.867	0.0001101	0.00183518	NA	NA	NA
1	rs7555293	5937031	C	ADD	992	1.227	0.1202	0.9698	1.553	1.705	0.08826	0.00575225	NA	NA	NA
1	rs2011197	5942458	G	ADD	999	0.9708	0.1138	0.7768	1.213	-0.2605	0.7944	1.44569e-05	NA	NA	NA
1	rs875574	5949754	G	ADD	999	1.067	0.09465	0.886	1.284	0.681	0.4959	0.00313716	NA	NA	NA
1	rs11588889	5954531	C	ADD	999	1.073	0.09433	0.892	1.291	0.7483	0.4543	0.0032235	NA	NA	NA
1	rs10779685	5961841	T	ADD	997	0.9785	0.114	0.7826	1.223	-0.1906	0.8488	1.44569e-05	NA	NA	NA
1	rs806104	5965521	G	ADD	997	1.071	0.0944	0.8897	1.288	0.722	0.4703	0.0032235	NA	NA	NA
1	rs806111	5976217	G	ADD	994	1.143	0.09657	0.9463	1.382	1.389	0.165	0.00181869	NA	NA	NA
1	rs531099	5986242	T	ADD	995	0.8216	0.09041	0.6882	0.9809	-2.174	0.02973	0.000146829	NA	NA	NA
1	rs546526	5993457	A	ADD	984	1.179	0.09146	0.9853	1.41	1.798	0.07223	0.00110351	NA	NA	NA
1	rs1295107	6001979	T	ADD	999	0.8427	0.09315	0.7021	1.012	-1.837	0.06618	0.000383107	NA	NA	NA
1	rs1295087	6022900	T	ADD	1000	1.023	0.1052	0.832	1.257	0.2124	0.8318	0.0028997	NA	NA	NA
1	rs1295085	6030752	T	ADD	1000	1.12	0.09539	0.9288	1.35	1.186	0.2358	0.0233797	NA	NA	NA
1	rs3789541	6063912	T	ADD	1000	0.8828	0.1782	0.6226	1.252	-0.6993	0.4843	0.0111207	NA	NA	NA
1	rs2273042	6071709	T	ADD	873	0.9862	0.1542	0.729	1.334	-0.0899	0.9284	0.000596843	NA	NA	NA
1	rs2281303	6092940	A	ADD	998	1.243	0.1422	0.9403	1.642	1.527	0.1267	0.0104899	NA	NA	NA
1	rs1883767	6098076	T	ADD	1000	0.8872	0.1055	0.7215	1.091	-1.134	0.2567	8.70834e-05	NA	NA	NA
1	rs2843493	6106679	T	ADD	999	1.098	0.09101	0.9183	1.312	1.024	0.3059	1.76966e-05	NA	NA	NA
1	rs11121299	6116605	T	ADD	1000	0.9293	0.1206	0.7337	1.177	-0.6083	0.543	0.00101792	NA	NA	NA
1	rs2250358	6119456	C	ADD	1000	1.046	0.09151	0.8743	1.252	0.4925	0.6224	2.9443e-05	NA	NA	NA
1	rs2273032	6124832	T	ADD	1000	0.875	0.1407	0.6641	1.153	-0.9486	0.3428	0.00157188	NA	NA	NA
1	rs9435102	6126853	G	ADD	998	1.065	0.09331	0.887	1.279	0.6754	0.4994	0.00418641	NA	NA	NA
1	rs1883604	6135457	T	ADD	1000	0.6534	0.1651	0.4727	0.9031	-2.577	0.009969	0.000478079	NA	NA	NA
1	rs747393	6144562	C	ADD	997	1.099	0.1259	0.8587	1.406	0.7495	0.4536	0.000155328	NA	NA	NA
1	rs11121407	6156160	C	ADD	989	1.092	0.1537	0.8078	1.476	0.5717	0.5675	0.00931566	NA	NA	NA
1	rs11121449	6175030	T	ADD	860	0.7174	0.2358	0.4519	1.139	-1.408	0.1591	0.00373425	NA	NA	NA
1	rs2247392	6180734	A	ADD	1000	0.9192	0.1008	0.7544	1.12	-0.8366	0.4028	0.00960186	NA	NA	NA
1	rs12070308	6189898	T	ADD	870	0.8055	0.374	0.387	1.676	-0.5784	0.563	1.91806e-06	NA	NA	NA
1	rs6680884	6190958	A	ADD	866	1.038	0.2669	0.6153	1.752	0.1404	0.8884	0.000586483	NA	NA	NA
1	rs1064721	6203964	A	ADD	1000	0.8582	0.2483	0.5275	1.396	-0.616	0.5379	0.00337814	NA	NA	NA
1	rs1802353	6207267	A	ADD	1000	0.9432	0.1726	0.6725	1.323	-0.3386	0.7349	0.00500247	NA	NA	NA
1	rs10779736	6223869	A	ADD	870	1.313	0.1182	1.041	1.655	2.301	0.02139	5.44215e-05	NA	NA	NA
1	rs6577565	6229842	T	ADD	998	1.199	0.1086	0.9693	1.484	1.673	0.09429	3.81744e-06	NA	NA	NA
1	rs4908872	6240656	C	ADD	996	1.15	0.0987	0.9481	1.396	1.419	0.1558	0.00123198	NA	NA	NA
1	rs4908874	6245523	A	ADD	997	1.005	0.09898	0.8278	1.22	0.05106	0.9593	0.00126699	NA	NA	NA
1	rs3789512	6252602	G	ADD	1000	0.8067	0.1209	0.6366	1.022	-1.777	0.07559	0.00130784	NA	NA	NA
1	rs3789504	6267721	A	ADD	997	1.053	0.124	0.8259	1.343	0.4174	0.6764	0.00126155	NA	NA	NA
1	rs11121611	6289806	G	ADD	998	1.01	0.1074	0.8187	1.247	0.09697	0.9227	0.00170162	NA	NA	NA
1	rs4908877	6296061	A	ADD	994	0.9874	0.1657	0.7136	1.366	-0.07639	0.9391	0.000357366	NA	NA	NA
1	rs3789482	6319959	T	ADD	998	0.8794	0.1168	0.6994	1.106	-1.101	0.271	0.000227383	NA	NA	NA
1	rs4908881	6325607	A	ADD	999	1.025	0.1633	0.7441	1.412	0.1504	0.8805	0.00236158	NA	NA	NA
1	rs4582826	6384117	C	ADD	1000	0.8711	0.1569	0.6404	1.185	-0.8796	0.3791	0.000811264	NA	NA	NA
1	rs4908891	6404210	A	ADD	999	0.9484	0.1302	0.7349	1.224	-0.4067	0.6843	0.00138334	NA	NA	NA
1	rs2103673	6416986	A	ADD	1000	0.8841	0.1318	0.6828	1.145	-0.9349	0.3498	0.00207485	NA	NA	NA
1	rs3138158	6442899	A	ADD	995	1.255	0.1752	0.8901	1.768	1.295	0.1953	0.000181642	NA	NA	NA
1	rs3138156	6446017	G	ADD	997	0.7947	0.1837	0.5544	1.139	-1.251	0.2108	0.00767947	NA	NA	NA
1	rs11800462	6447088	C	ADD	997	0.8403	0.1813	0.589	1.199	-0.9594	0.3373	0.00596697	NA	NA	NA
1	rs3007421	6452776	A	ADD	999	0.8546	0.1365	0.654	1.117	-1.151	0.2495	7.85333e-06	NA	NA	NA
1	rs2986742	6472963	C	ADD	997	0.9904	0.1417	0.7503	1.307	-0.06784	0.9459	0.00124272	NA	NA	NA
1	rs737243	6486743	G	ADD	999	1.17	0.1094	0.9444	1.45	1.437	0.1508	0.00126461	NA	NA	NA
1	rs4908554	6490974	T	ADD	995	1.095	0.0941	0.9107	1.317	0.9659	0.3341	1.5739e-05	NA	NA	NA
1	rs3935435	6494762	T	ADD	998	0.963	0.1097	0.7768	1.194	-0.3434	0.7313	0.000152309	NA	NA	NA
1	rs13513	6508391	C	ADD	998	1.064	0.1377	0.8121	1.393	0.4482	0.654	0.00203756	NA	NA	NA
1	rs6679649	6529195	T	ADD	1000	1.05	0.1377	0.8013	1.375	0.3519	0.7249	0.00225507	NA	NA	NA
1	rs10746502	6529786	T	ADD	999	1.052	0.1378	0.8033	1.378	0.3701	0.7113	0.00225507	NA	NA	NA
1	rs11122100	6560651	C	ADD	999	0.9328	0.1366	0.7137	1.219	-0.5095	0.6104	0.0100696	NA	NA	NA
1	rs4908932	6562434	T	ADD	1000	1.054	0.1146	0.8421	1.32	0.4602	0.6454	0.0182968	NA	NA	NA
1	rs201171	6573680	T	ADD	1000	0.9515	0.1193	0.7531	1.202	-0.4167	0.6769	0.00115061	NA	NA	NA
1	rs1556036	6574315	A	ADD	1000	1.235	0.09668	1.022	1.493	2.186	0.02882	0.00771246	NA	NA	NA
1	rs12028517	6584319	A	ADD	997	0.9484	0.096	0.7858	1.145	-0.5518	0.5811	0.00341343	NA	NA	NA
1	rs6674407	6585500	A	ADD	865	0.9669	0.1029	0.7903	1.183	-0.3269	0.7437	0.00341343	NA	NA	NA
1	rs11583755	6595316	C	ADD	1000	1.141	0.09512	0.9469	1.375	1.386	0.1657	0.00214386	NA	NA	NA
1	rs2072948	6602435	A	ADD	998	1.113	0.09584	0.9225	1.343	1.119	0.2632	0.000547197	NA	NA	NA
1	rs14057	6605827	A	ADD	1000	1.026	0.09391	0.8534	1.233	0.2714	0.7861	0.004427	NA	NA	NA
1	rs742394	6612727	T	ADD	999	0.9146	0.09648	0.7571	1.105	-0.9249	0.355	0.0101929	NA	NA	NA
1	rs200447	6624738	T	ADD	1000	0.8065	0.1084	0.6522	0.9973	-1.984	0.0472	0.0108887	NA	NA	NA
1	rs12137794	6628531	T	ADD	1000	0.9939	0.1617	0.7239	1.364	-0.03799	0.9697	0.00119606	NA	NA	NA
1	rs6577584	6637977	G	ADD	1000	1.043	0.09693	0.8622	1.261	0.4309	0.6665	0.000205815	NA	NA	NA
1	rs201166	6662360	A	ADD	1000	1.213	0.15	0.9039	1.627	1.286	0.1984	0.000152936	NA	NA	NA
1	rs3827729	6679021	T	ADD	1000	1.063	0.09585	0.8808	1.282	0.6354	0.5251	0.00611959	NA	NA	NA
1	rs277672	6694194	G	ADD	1000	1.097	0.09069	0.9185	1.311	1.023	0.3063	8.93739e-05	NA	NA	NA
1	rs202577	6706640	T	ADD	1000	1.101	0.09086	0.9217	1.316	1.062	0.2881	4.13724e-05	NA	NA	NA
1	rs449250	6720271	A	ADD	1000	1.053	0.08894	0.8847	1.254	0.5822	0.5604	0.00138937	NA	NA	NA
1	rs277665	6737345	T	ADD	1000	0.9917	0.09191	0.8283	1.187	-0.09039	0.928	0.000816327	NA	NA	NA
1	rs391674	6754639	T	ADD	1000	1.038	0.08926	0.8711	1.236	0.4135	0.6793	0.00180066	NA	NA	NA
1	rs11122146	6760996	C	ADD	996	1.28	0.1319	0.9884	1.657	1.872	0.06125	0.00271245	NA	NA	NA
1	rs10864639	6769350	T	ADD	1000	1.324	0.1606	0.9664	1.813	1.747	0.0806	2.60984e-05	NA	NA	NA
1	rs659459	6796519	G	ADD	998	0.9666	0.1	0.7945	1.176	-0.3397	0.7341	5.61415e-05	NA	NA	NA
1	rs629196	6800149	A	ADD	999	0.9108	0.09927	0.7498	1.106	-0.9413	0.3466	0.000209714	NA	NA	NA
1	rs12088027	6806835	C	ADD	999	1.366	0.1828	0.9544	1.954	1.705	0.08827	0.00329591	NA	NA	NA
1	rs811400	6809236	G	ADD	999	0.8987	0.09797	0.7417	1.089	-1.09	0.2757	0.000560628	NA	NA	NA
1	rs12058103	6826186	G	ADD	999	1.13	0.09869	0.9317	1.372	1.243	0.214	0.000687833	NA	NA	NA
1	rs11582310	6838797	A	ADD	999	0.9807	0.1542	0.7249	1.327	-0.1266	0.8992	0.00194004	NA	NA	NA
1	rs1972306	6846313	G	ADD	999	1.131	0.09091	0.9461	1.351	1.351	0.1768	0.00131327	NA	NA	NA
1	rs11120780	6850339	A	ADD	999	0.9074	0.09795	0.7489	1.099	-0.9924	0.321	0.000595594	NA	NA	NA
1	rs7546903	6858859	G	ADD	999	0.9195	0.09995	0.7559	1.119	-0.8393	0.4013	0.00332488	NA	NA	NA
1	rs2063313	6858962	G	ADD	998	0.8888	0.1258	0.6946	1.137	-0.9375	0.3485	0.00467085	NA	NA	NA
1	rs10492951	6860358	G	ADD	997	1.063	0.1351	0.8159	1.386	0.4546	0.6494	0.000189554	NA	NA	NA
1	rs950493	6867391	G	ADD	993	1.388	0.1261	1.084	1.777	2.597	0.009407	0.00163343	NA	NA	NA
1	rs1876848	6876262	A	ADD	1000	1.375	0.1208	1.085	1.742	2.634	0.00843	0.00513137	NA	NA	NA
1	rs11586867	6894980	C	ADD	998	0.903	0.0906	0.7561	1.078	-1.127	0.2599	0.00124994	NA	NA	NA
1	rs1892261	6899787	T	ADD	999	0.9663	0.09056	0.8092	1.154	-0.3782	0.7053	2.02072e-07	NA	NA	NA
1	rs12751613	6901209	C	ADD	999	1.419	0.1853	0.987	2.041	1.89	0.05882	0.000875035	NA	NA	NA
1	rs867389	6907656	G	ADD	999	0.8428	0.0942	0.7007	1.014	-1.815	0.06951	0.00640111	NA	NA	NA
1	rs6577395	6914512	C	ADD	1000	0.9518	0.09239	0.7941	1.141	-0.5349	0.5927	0.00146635	NA	NA	NA
1	rs7539029	6938696	T	ADD	995	1.017	0.09102	0.8511	1.216	0.1882	0.8507	0.00400861	NA	NA	NA
1	rs4518923	6959389	G	ADD	1000	0.9904	0.09359	0.8244	1.19	-0.1032	0.9178	0.00152275	NA	NA	NA
1	rs6698901	6963762	G	ADD	1000	1.016	0.09071	0.8505	1.214	0.1753	0.8608	0.00761606	NA	NA	NA
1	rs1317017	6971366	A	ADD	1000	1.054	0.09525	0.8748	1.271	0.5554	0.5786	0.00816823	NA	NA	NA
1	rs6681529	6975153	G	ADD	997	0.9939	0.09102	0.8315	1.188	-0.06716	0.9465	0.00202773	NA	NA	NA
1	rs2275909	6991259	C	ADD	996	1.187	0.09951	0.9768	1.443	1.724	0.08474	0.00445065	NA	NA	NA
1	rs6577401	6993776	T	ADD	999	0.9795	0.09099	0.8195	1.171	-0.2278	0.8198	0.00122036	NA	NA	NA
1	rs7543753	7000951	C	ADD	998	0.9521	0.1311	0.7364	1.231	-0.3742	0.7082	0.00372787	NA	NA	NA
1	rs17030152	7006306	C	ADD	998	0.7927	0.1051	0.6451	0.974	-2.21	0.02708	0.0186502	NA	NA	NA
1	rs11120820	7010326	A	ADD	1000	0.8831	0.12	0.698	1.117	-1.036	0.3004	0.0196925	NA	NA	NA
1	rs4908588	7018383	T	ADD	998	0.9618	0.09622	0.7965	1.161	-0.4052	0.6853	0.00133166	NA	NA	NA
1	rs6686587	7022247	G	ADD	998	0.9046	0.08831	0.7608	1.076	-1.136	0.2561	0.0157126	NA	NA	NA
1	rs4074964	7027666	C	ADD	998	1.133	0.1021	0.9278	1.384	1.226	0.22	6.29542e-08	NA	NA	NA
1	rs4908591	7033097	A	ADD	999	1.024	0.1039	0.8356	1.256	0.2307	0.8176	0.0200466	NA	NA	NA
1	rs7552540	7039598	A	ADD	998	0.9491	0.09993	0.7803	1.154	-0.5224	0.6014	0.000126577	NA	NA	NA
1	rs7414485	7043984	A	ADD	999	1.058	0.09283	0.8823	1.27	0.6111	0.5411	0.00328787	NA	NA	NA
1	rs7522545	7049258	T	ADD	999	1.038	0.09571	0.8605	1.252	0.3901	0.6964	0.00247734	NA	NA	NA
1	rs10864271	7057855	A	ADD	1000	1.144	0.08794	0.9629	1.359	1.531	0.1259	0.00640885	NA	NA	NA
1	rs2187901	7065931	C	ADD	1000	0.9548	0.08995	0.8005	1.139	-0.5145	0.6069	0.000624825	NA	NA	NA
1	rs7544611	7071042	T	ADD	998	0.9338	0.1021	0.7645	1.141	-0.6715	0.5019	0.00899663	NA	NA	NA
1	rs2071918	7073164	T	ADD	1000	1.044	0.1398	0.7939	1.373	0.3089	0.7574	0.000739476	NA	NA	NA
1	rs1010806	7076560	T	ADD	997	0.9548	0.09153	0.798	1.142	-0.5055	0.6132	0.0032444	NA	NA	NA
1	rs4908440	7081148	C	ADD	1000	0.8802	0.09234	0.7345	1.055	-1.381	0.1672	0.00287999	NA	NA	NA
1	rs7528710	7087351	A	ADD	1000	1.007	0.1243	0.7891	1.285	0.05507	0.9561	0.00214344	NA	NA	NA
1	rs6694886	7089618	T	ADD	1000	0.9751	0.09081	0.8161	1.165	-0.2778	0.7812	0.00563205	NA	NA	NA
1	rs7527268	7096482	C	ADD	999	0.9173	0.08958	0.7696	1.093	-0.9635	0.3353	0.000240664	NA	NA	NA
1	rs9434845	7100400	C	ADD	1000	0.9586	0.09044	0.8029	1.145	-0.4672	0.6404	0.000416704	NA	NA	NA
1	rs7532024	7102066	T	ADD	999	1.102	0.09995	0.9059	1.34	0.9711	0.3315	0.00292654	NA	NA	NA
1	rs4908443	7102308	T	ADD	998	1.029	0.09901	0.8475	1.249	0.2882	0.7732	0.000590724	NA	NA	NA
1	rs4460663	7108912	G	ADD	998	0.8496	0.09123	0.7104	1.016	-1.787	0.07392	0.00257861	NA	NA	NA
1	rs4908600	7119246	T	ADD	999	0.9382	0.1022	0.768	1.146	-0.6243	0.5324	0.00396669	NA	NA	NA
1	rs970973	7124777	T	ADD	997	0.927	0.08878	0.779	1.103	-0.8536	0.3933	0.00336342	NA	NA	NA
1	rs1894647	7128537	T	ADD	999	0.8427	0.175	0.5981	1.188	-0.9778	0.3282	4.13187e-05	NA	NA	NA
1	rs12751444	7130804	T	ADD	1000	0.9121	0.09541	0.7565	1.1	-0.9645	0.3348	0.00278765	NA	NA	NA
1	rs4908602	7143557	A	ADD	999	1.115	0.09176	0.9317	1.335	1.189	0.2344	0.00342926	NA	NA	NA
1	rs6680365	7159397	A	ADD	999	1.043	0.09208	0.871	1.25	0.4595	0.6459	0.00805058	NA	NA	NA
1	rs4908445	7164110	G	ADD	1000	1.128	0.0926	0.9409	1.353	1.302	0.1929	0.000996534	NA	NA	NA
1	rs4908446	7168256	C	ADD	1000	1.133	0.09877	0.9337	1.375	1.266	0.2056	0.00513774	NA	NA	NA
1	rs916393	7194837	T	ADD	1000	1.002	0.08903	0.8413	1.193	0.01849	0.9852	0.000986465	NA	NA	NA
1	rs1476047	7234759	C	ADD	1000	1.018	0.08998	0.8536	1.215	0.2009	0.8408	0.000332212	NA	NA	NA
1	rs7549870	7238701	T	ADD	1000	1.064	0.1016	0.8722	1.299	0.6143	0.539	3.97356e-06	NA	NA	NA
1	rs6698548	7240128	A	ADD	999	1.072	0.09262	0.8944	1.286	0.7547	0.4505	1.35034e-05	NA	NA	NA
1	rs1034453	7247546	A	ADD	999	0.8876	0.1496	0.6621	1.19	-0.7973	0.4253	7.04242e-05	NA	NA	NA
1	rs10864291	7249334	T	ADD	1000	0.9448	0.0984	0.7791	1.146	-0.5773	0.5637	0.00707719	NA	NA	NA
1	rs2412148	7253647	A	ADD	998	0.9191	0.1269	0.7167	1.179	-0.6643	0.5065	0.000327136	NA	NA	NA
1	rs7539551	7261400	G	ADD	995	0.975	0.1155	0.7775	1.223	-0.2189	0.8267	0.00705273	NA	NA	NA
1	rs12409413	7264693	C	ADD	999	1.036	0.0919	0.8654	1.241	0.3864	0.6992	0.00520418	NA	NA	NA
1	rs2001142	7271530	T	ADD	990	0.9592	0.1026	0.7845	1.173	-0.406	0.6847	0.00012125	NA	NA	NA
1	rs1894654	7274021	C	ADD	999	0.9953	0.09816	0.8211	1.206	-0.0476	0.962	6.59323e-05	NA	NA	NA
1	rs10489142	7285897	G	ADD	999	1.081	0.103	0.8832	1.323	0.7541	0.4508	0.00201716	NA	NA	NA
1	rs12128469	7297845	T	ADD	1000	0.9109	0.09736	0.7527	1.102	-0.9587	0.3377	0.000155572	NA	NA	NA
1	rs12402763	7297982	A	ADD	1000	0.919	0.1079	0.7438	1.136	-0.782	0.4342	5.69725e-06	NA	NA	NA
1	rs7543711	7301785	T	ADD	996	0.9612	0.09418	0.7992	1.156	-0.4201	0.6744	0.00214745	NA	NA	NA
1	rs2301461	7312564	T	ADD	997	0.9542	0.09426	0.7932	1.148	-0.4977	0.6187	0.00214745	NA	NA	NA
1	rs2301462	7315181	T	ADD	999	1.106	0.09004	0.9271	1.319	1.119	0.2633	0.00296537	NA	NA	NA
1	rs1029322	7318619	T	ADD	1000	1.442	0.1772	1.019	2.041	2.067	0.03874	0.00262662	NA	NA	NA
1	rs845246	7327880	A	ADD	1000	1.052	0.08974	0.8825	1.254	0.5666	0.571	6.52533e-05	NA	NA	NA
1	rs845245	7328597	T	ADD	1000	0.9594	0.09232	0.8006	1.15	-0.4486	0.6537	2.56756e-05	NA	NA	NA
1	rs3752543	7352981	C	ADD	1000	1.089	0.1175	0.8652	1.371	0.7274	0.467	0.00112081	NA	NA	NA
1	rs845217	7356659	A	ADD	871	0.9881	0.1666	0.7129	1.37	-0.07159	0.9429	0.000111898	NA	NA	NA
1	rs845214	7359349	T	ADD	1000	1.051	0.168	0.7563	1.461	0.2976	0.766	0.000328871	NA	NA	NA
1	rs845232	7370843	C	ADD	1000	1.087	0.1025	0.8889	1.328	0.811	0.4174	0.00338123	NA	NA	NA
1	rs7524314	7372558	A	ADD	999	1.087	0.1146	0.8685	1.361	0.7301	0.4653	0.00128265	NA	NA	NA
1	rs2097518	7383020	G	ADD	999	1.05	0.1009	0.8621	1.28	0.4882	0.6254	0.000370827	NA	NA	NA
1	rs845202	7386962	G	ADD	999	1.059	0.1013	0.8679	1.291	0.562	0.5741	0.000129914	NA	NA	NA
1	rs763161	7391201	G	ADD	997	1.018	0.1043	0.8294	1.248	0.1666	0.8677	1.65175e-06	NA	NA	NA
1	rs4908635	7392367	G	ADD	996	0.8475	0.1003	0.6962	1.032	-1.65	0.09884	0.000367269	NA	NA	NA
1	rs11120917	7400663	T	ADD	1000	1.146	0.09539	0.9509	1.382	1.432	0.1521	0.00126312	NA	NA	NA
1	rs845251	7405633	G	ADD	999	0.8267	0.1577	0.6069	1.126	-1.207	0.2275	0.00134411	NA	NA	NA
1	rs1193221	7415578	G	ADD	999	1.007	0.09298	0.8389	1.208	0.07004	0.9442	0.00312902	NA	NA	NA
1	rs1193227	7423624	T	ADD	1000	0.9645	0.09538	0.8001	1.163	-0.3786	0.705	1.36427e-05	NA	NA	NA
1	rs2796477	7430229	T	ADD	870	0.9876	0.1024	0.8081	1.207	-0.1217	0.9032	0.000821206	NA	NA	NA
1	rs6577445	7435612	C	ADD	992	1.032	0.09677	0.8536	1.247	0.3241	0.7459	0.000463295	NA	NA	NA
1	rs1750836	7443514	T	ADD	1000	0.9684	0.09176	0.809	1.159	-0.3498	0.7265	0.000309126	NA	NA	NA
1	rs1193238	7448958	T	ADD	999	0.9905	0.09135	0.8281	1.185	-0.1046	0.9167	2.90065e-06	NA	NA	NA
1	rs1149331	7451256	C	ADD	998	0.9445	0.08969	0.7922	1.126	-0.637	0.5241	0.000197074	NA	NA	NA
1	rs6664987	7453925	T	ADD	999	1.352	0.1455	1.017	1.798	2.073	0.03821	0.000327448	NA	NA	NA
1	rs1011124	7455751	A	ADD	871	1.067	0.09978	0.8776	1.298	0.6514	0.5148	0.000257221	NA	NA	NA
1	rs12039004	7459985	C	ADD	1000	0.4011	0.3405	0.2058	0.7817	-2.683	0.007289	0.000104796	NA	NA	NA
1	rs2693958	7463878	T	ADD	999	0.8497	0.09396	0.7068	1.022	-1.733	0.08311	0.000489293	NA	NA	NA
1	rs1193231	7473485	A	ADD	998	0.9319	0.09429	0.7747	1.121	-0.7478	0.4546	0.00126773	NA	NA	NA
1	rs12562147	7475206	A	ADD	995	1.081	0.09192	0.9026	1.294	0.8456	0.3978	3.33758e-05	NA	NA	NA
1	rs1725271	7477022	T	ADD	1000	0.953	0.1112	0.7664	1.185	-0.4333	0.6648	0.000255381	NA	NA	NA
1	rs1725265	7480780	T	ADD	1000	0.9244	0.09016	0.7747	1.103	-0.8722	0.3831	0.000266436	NA	NA	NA
1	rs2462925	7486488	A	ADD	1000	1.053	0.1218	0.8291	1.337	0.4223	0.6728	0.00108576	NA	NA	NA
1	rs1193180	7491569	A	ADD	996	0.9436	0.09932	0.7767	1.146	-0.5849	0.5586	4.97756e-05	NA	NA	NA
1	rs1193179	7492189	G	ADD	999	1.042	0.1024	0.8527	1.274	0.4038	0.6864	0.00138064	NA	NA	NA
1	rs749958	7494849	T	ADD	999	1.087	0.09022	0.9112	1.298	0.9289	0.3529	0.00242998	NA	NA	NA
1	rs1193171	7499738	T	ADD	998	0.9611	0.1021	0.7867	1.174	-0.3889	0.6973	5.56981e-07	NA	NA	NA
1	rs1618346	7503356	C	ADD	865	1.001	0.1017	0.8198	1.221	0.006371	0.9949	0.00193806	NA	NA	NA
1	rs2478267	7507401	A	ADD	871	0.9681	0.1013	0.7937	1.181	-0.3197	0.7492	0.00159716	NA	NA	NA
1	rs1193167	7513035	G	ADD	1000	0.9782	0.09383	0.8139	1.176	-0.2347	0.8145	0.00202008	NA	NA	NA
1	rs1193158	7532091	G	ADD	997	1.093	0.2337	0.6915	1.728	0.3814	0.7029	0.00122035	NA	NA	NA
1	rs4908654	7534193	T	ADD	999	1.037	0.09166	0.8663	1.241	0.3938	0.6937	0	NA	NA	NA
1	rs957856	7536332	G	ADD	997	0.9329	0.09842	0.7693	1.131	-0.7054	0.4806	0.00211923	NA	NA	NA
1	rs17031113	7540071	A	ADD	1000	1.248	0.1179	0.9903	1.572	1.877	0.0605	0.00107684	NA	NA	NA
1	rs6696544	7544176	A	ADD	1000	1.051	0.1195	0.8315	1.328	0.4159	0.6775	0.00318857	NA	NA	NA
1	rs17031140	7547442	T	ADD	871	1.19	0.1297	0.923	1.534	1.342	0.1797	0.000412057	NA	NA	NA
1	rs10492961	7560566	C	ADD	1000	1.21	0.1091	0.9771	1.499	1.748	0.08045	0.000488471	NA	NA	NA
1	rs9988575	7568888	A	ADD	998	1.022	0.2196	0.6648	1.572	0.1003	0.9201	0.00251076	NA	NA	NA
1	rs7519687	7572302	A	ADD	999	1.188	0.143	0.8979	1.572	1.206	0.2277	0.00371427	NA	NA	NA
1	rs941017	7578585	T	ADD	871	1.158	0.2576	0.699	1.919	0.5703	0.5685	0.00120829	NA	NA	NA
1	rs10864308	7590933	T	ADD	999	1.103	0.1031	0.9011	1.35	0.9502	0.342	0.000106724	NA	NA	NA
1	rs17031163	7593161	A	ADD	871	1.105	0.1523	0.82	1.49	0.6574	0.5109	0.00471523	NA	NA	NA
1	rs4908660	7629874	G	ADD	999	0.8575	0.09697	0.7091	1.037	-1.586	0.1128	0.000910762	NA	NA	NA
1	rs9434498	7634345	G	ADD	995	1.234	0.149	0.9215	1.653	1.411	0.1582	0.00193971	NA	NA	NA
1	rs4908663	7634719	G	ADD	1000	0.9641	0.09423	0.8015	1.16	-0.388	0.698	0.0132534	NA	NA	NA
1	rs870283	7645445	T	ADD	996	0.9048	0.09324	0.7536	1.086	-1.073	0.2831	0.00440351	NA	NA	NA
1	rs1891215	7650441	C	ADD	999	1.018	0.09141	0.8512	1.218	0.1977	0.8433	0.00271455	NA	NA	NA
1	rs3011928	7675415	A	ADD	1000	1.032	0.09105	0.863	1.233	0.3421	0.7323	0.000109271	NA	NA	NA
1	rs12756299	7681347	C	ADD	1000	0.9406	0.09023	0.7881	1.123	-0.6788	0.4973	0.000483552	NA	NA	NA
1	rs1935229	7683588	G	ADD	998	1.169	0.1832	0.8164	1.674	0.8531	0.3936	0.00183518	NA	NA	NA
1	rs4908686	7702715	G	ADD	1000	0.9339	0.09326	0.7779	1.121	-0.7329	0.4636	0.00178057	NA	NA	NA
1	rs2301488	7714998	T	ADD	999	0.8843	0.08943	0.7421	1.054	-1.375	0.1691	0.00209182	NA	NA	NA
1	rs4908691	7723190	G	ADD	1000	1.136	0.09735	0.9388	1.375	1.312	0.1896	0.000681971	NA	NA	NA
1	rs2032563	7723875	A	ADD	1000	0.8571	0.1148	0.6844	1.073	-1.343	0.1792	0.0120125	NA	NA	NA
1	rs11587479	7745672	C	ADD	989	1.044	0.1574	0.7671	1.421	0.2749	0.7834	0.00069714	NA	NA	NA
1	rs707455	7747898	T	ADD	1000	1.055	0.09122	0.8819	1.261	0.5827	0.5601	0.00212537	NA	NA	NA
1	rs1044245	7751694	A	ADD	1000	0.8792	0.1346	0.6754	1.145	-0.9564	0.3389	0.00127117	NA	NA	NA
1	rs697673	7760429	A	ADD	1000	1.074	0.1058	0.8726	1.321	0.6723	0.5014	6.23053e-05	NA	NA	NA
1	rs228729	7768282	A	ADD	1000	1.063	0.09511	0.8826	1.281	0.647	0.5176	0.000404015	NA	NA	NA
1	rs697686	7772805	A	ADD	999	1.089	0.0935	0.9064	1.308	0.9091	0.3633	0.00288751	NA	NA	NA
1	rs875994	7775506	C	ADD	999	0.8431	0.1217	0.6643	1.07	-1.402	0.1608	0.00112422	NA	NA	NA
1	rs228682	7778933	C	ADD	993	1.045	0.09107	0.874	1.249	0.4809	0.6306	0.0163373	NA	NA	NA
1	rs228642	7785880	C	ADD	1000	1.055	0.09028	0.8837	1.259	0.5906	0.5548	0.00841059	NA	NA	NA
1	rs10864316	7794663	G	ADD	1000	0.9656	0.1172	0.7675	1.215	-0.2987	0.7652	0.00596974	NA	NA	NA
1	rs10462018	7802214	T	ADD	999	1.074	0.1235	0.8431	1.368	0.578	0.5633	0.00706638	NA	NA	NA
1	rs10462020	7803270	G	ADD	985	0.9331	0.1184	0.7398	1.177	-0.5845	0.5589	0.00596974	NA	NA	NA
1	rs10127838	7804367	T	ADD	998	1.007	0.1123	0.808	1.255	0.06235	0.9503	0.00462897	NA	NA	NA
1	rs10462021	7819720	G	ADD	1000	0.9582	0.1171	0.7616	1.205	-0.3645	0.7155	0.00596974	NA	NA	NA
1	rs228654	7819815	T	ADD	997	1.013	0.1412	0.7681	1.336	0.09144	0.9271	0.00753963	NA	NA	NA
1	rs228651	7833686	A	ADD	1000	0.9984	0.09371	0.8309	1.2	-0.01708	0.9864	0.0239921	NA	NA	NA
1	rs228648	7836017	G	ADD	1000	1.025	0.08976	0.8598	1.222	0.2776	0.7813	0.0209195	NA	NA	NA
1	rs707476	7840693	T	ADD	1000	1.077	0.09727	0.8899	1.303	0.7602	0.4471	0.010573	NA	NA	NA
1	rs531485	7844539	G	ADD	1000	1.103	0.1097	0.8893	1.367	0.89	0.3734	0.0018496	NA	NA	NA
1	rs12566535	7846681	A	ADD	999	1.019	0.1433	0.7696	1.349	0.1316	0.8953	0.000806169	NA	NA	NA
1	rs504560	7849129	T	ADD	996	1.036	0.09893	0.8532	1.257	0.3554	0.7223	0.0101717	NA	NA	NA
1	rs228725	7852406	A	ADD	998	0.9419	0.09525	0.7815	1.135	-0.6286	0.5296	0.0021264	NA	NA	NA
1	rs170551	7878481	G	ADD	996	1.198	0.1207	0.946	1.518	1.5	0.1337	0.00145997	NA	NA	NA
1	rs227163	7883793	C	ADD	997	0.9606	0.09303	0.8005	1.153	-0.432	0.6658	0.000534004	NA	NA	NA
1	rs679563	7893665	A	ADD	1000	0.9614	0.09508	0.798	1.158	-0.4135	0.6792	0.00028897	NA	NA	NA
1	rs585672	7895757	C	ADD	993	1.109	0.0972	0.917	1.342	1.068	0.2854	0.000948272	NA	NA	NA
1	rs2493215	7930303	G	ADD	1000	0.9823	0.09495	0.8155	1.183	-0.1881	0.8508	0.000378477	NA	NA	NA
1	rs161799	7938147	C	ADD	1000	1.127	0.09559	0.9343	1.359	1.249	0.2118	0.00225723	NA	NA	NA
1	rs178932	7952887	G	ADD	1000	0.922	0.1004	0.7573	1.123	-0.8084	0.4189	0.00147023	NA	NA	NA
1	rs12727642	7969259	A	ADD	1000	0.8393	0.1197	0.6638	1.061	-1.464	0.1433	0.00396188	NA	NA	NA
1	rs426561	7979841	T	ADD	1000	0.8902	0.1071	0.7216	1.098	-1.086	0.2773	0.000223109	NA	NA	NA
1	rs225100	7989501	A	ADD	999	0.9833	0.09579	0.815	1.186	-0.1754	0.8608	6.17782e-06	NA	NA	NA
1	rs442862	8002081	T	ADD	1000	0.9844	0.09567	0.8161	1.187	-0.1648	0.8691	6.17782e-06	NA	NA	NA
1	rs225133	8021049	T	ADD	996	1.083	0.08757	0.9124	1.286	0.913	0.3613	0.000857777	NA	NA	NA
1	rs7539255	8055939	C	ADD	1000	0.8486	0.1196	0.6713	1.073	-1.372	0.1699	0.00159049	NA	NA	NA
1	rs12758337	8067881	T	ADD	997	0.9217	0.0982	0.7603	1.117	-0.8305	0.4063	6.13945e-06	NA	NA	NA
1	rs7537362	8100151	T	ADD	1000	0.8493	0.1145	0.6786	1.063	-1.427	0.1535	0.00223344	NA	NA	NA
1	rs7523335	8102797	A	ADD	999	0.8761	0.1147	0.6997	1.097	-1.154	0.2486	0.00300333	NA	NA	NA
1	rs4908736	8109798	G	ADD	1000	0.9697	0.1454	0.7292	1.289	-0.2119	0.8322	0.000611885	NA	NA	NA
1	rs7527904	8112441	T	ADD	1000	1.115	0.09406	0.9275	1.341	1.16	0.2461	0.000516681	NA	NA	NA
1	rs9434617	8122915	C	ADD	999	1.17	0.09428	0.9724	1.407	1.664	0.09621	0.00779686	NA	NA	NA
1	rs1455701	8135597	A	ADD	1000	1.151	0.09465	0.9561	1.386	1.486	0.1372	0.000153645	NA	NA	NA
1	rs10864334	8142693	T	ADD	996	1.002	0.1017	0.8213	1.223	0.02366	0.9811	5.55113e-05	NA	NA	NA
1	rs6663882	8166732	G	ADD	1000	1.021	0.09194	0.8528	1.223	0.2277	0.8198	0.000161273	NA	NA	NA
1	rs11121129	8190682	A	ADD	1000	0.9666	0.09944	0.7954	1.175	-0.3421	0.7323	0.00128511	NA	NA	NA
1	rs428046	8201516	C	ADD	1000	0.8443	0.1884	0.5836	1.221	-0.8983	0.369	0.00139114	NA	NA	NA
1	rs506403	8204151	C	ADD	994	0.9466	0.1124	0.7593	1.18	-0.4883	0.6254	0.00295112	NA	NA	NA
1	rs11589993	8207084	A	ADD	991	1.058	0.1089	0.8545	1.31	0.5161	0.6058	0.000631617	NA	NA	NA
1	rs382192	8212247	G	ADD	1000	1.002	0.09451	0.8322	1.205	0.01592	0.9873	0.00103406	NA	NA	NA
1	rs299499	8215348	T	ADD	996	1.026	0.09055	0.8587	1.225	0.2782	0.7809	0.00302916	NA	NA	NA
1	rs7513908	8225206	A	ADD	1000	0.9407	0.1207	0.7425	1.192	-0.5064	0.6126	0.00262605	NA	NA	NA
1	rs4908744	8227194	A	ADD	1000	0.9776	0.09147	0.8172	1.17	-0.2471	0.8048	0.00955027	NA	NA	NA
1	rs6697815	8230436	T	ADD	980	0.9851	0.09429	0.8189	1.185	-0.159	0.8737	0.00211086	NA	NA	NA
1	rs389709	8242632	C	ADD	1000	0.9975	0.1184	0.791	1.258	-0.02121	0.9831	8.21606e-08	NA	NA	NA
1	rs299689	8274985	T	ADD	999	1.135	0.1015	0.9304	1.385	1.249	0.2117	0.011525	NA	NA	NA
1	rs299699	8278757	T	ADD	1000	1.049	0.1016	0.8599	1.281	0.4745	0.6352	0.00357302	NA	NA	NA
1	rs4908748	8285341	T	ADD	999	1.09	0.1013	0.8934	1.329	0.8478	0.3966	0.0234181	NA	NA	NA
1	rs12132135	8305194	G	ADD	985	0.8715	0.1098	0.7028	1.081	-1.252	0.2106	0.00810819	NA	NA	NA
1	rs2289731	8313475	A	ADD	872	0.7902	0.1057	0.6423	0.972	-2.228	0.02587	0.00245931	NA	NA	NA
1	rs7535752	8318147	T	ADD	1000	1.151	0.1198	0.9098	1.455	1.171	0.2417	0.0071148	NA	NA	NA
1	rs10864351	8332259	A	ADD	1000	0.9568	0.09136	0.7999	1.144	-0.4834	0.6288	0.00068281	NA	NA	NA
1	rs10779702	8346097	A	ADD	993	1.036	0.09355	0.8621	1.244	0.3736	0.7087	0.00875345	NA	NA	NA
1	rs6678140	8359389	C	ADD	1000	1.054	0.09497	0.8747	1.269	0.5505	0.582	0.0116542	NA	NA	NA
1	rs3765971	8367947	G	ADD	871	1.001	0.1021	0.8196	1.223	0.0112	0.9911	0.0132406	NA	NA	NA
1	rs11121179	8378299	T	ADD	999	1.182	0.1209	0.9324	1.498	1.381	0.1674	0.0329731	NA	NA	NA
1	rs11121181	8399593	A	ADD	999	0.9109	0.1087	0.736	1.127	-0.8586	0.3906	0.0191556	NA	NA	NA
1	rs301819	8424373	A	ADD	998	1.028	0.09192	0.8582	1.231	0.2969	0.7666	0.039889	NA	NA	NA
1	rs11581328	8430360	A	ADD	999	0.9556	0.1144	0.7636	1.196	-0.3972	0.6912	0.000655666	NA	NA	NA
1	rs4908760	8448729	G	ADD	1000	0.9935	0.09281	0.8282	1.192	-0.07065	0.9437	0.0179225	NA	NA	NA
1	rs4908501	8477058	G	ADD	999	1.089	0.09417	0.9054	1.31	0.9042	0.3659	0.00561224	NA	NA	NA
1	rs11121194	8492493	C	ADD	1000	0.9813	0.09258	0.8185	1.177	-0.2034	0.8388	0.0211404	NA	NA	NA
1	rs10492966	8520592	A	ADD	1000	0.9291	0.1125	0.7453	1.158	-0.6535	0.5134	0.000211338	NA	NA	NA
1	rs10492964	8551967	C	ADD	1000	0.9619	0.09761	0.7944	1.165	-0.398	0.6906	0.00807132	NA	NA	NA
1	rs1150395	8555186	C	ADD	1000	1.12	0.1587	0.8207	1.529	0.715	0.4746	0.0207927	NA	NA	NA
1	rs6675857	8574741	G	ADD	1000	0.9214	0.1083	0.7452	1.139	-0.7563	0.4495	0.00402826	NA	NA	NA
1	rs6703577	8618109	C	ADD	998	1.01	0.1248	0.7905	1.289	0.07612	0.9393	0.0296362	NA	NA	NA
1	rs4908507	8661524	C	ADD	999	1.014	0.09307	0.8446	1.216	0.1448	0.8849	0.0205094	NA	NA	NA
1	rs7533442	8673178	G	ADD	871	1.036	0.129	0.8043	1.334	0.2724	0.7853	0.0298135	NA	NA	NA
1	rs6658881	8673855	C	ADD	869	1.033	0.1291	0.8023	1.331	0.2545	0.7991	0.0298135	NA	NA	NA
1	rs12025126	8682141	C	ADD	867	0.9051	0.1112	0.7279	1.125	-0.8972	0.3696	0.00237013	NA	NA	NA
1	rs10864363	8689898	G	ADD	869	0.9598	0.1131	0.769	1.198	-0.3632	0.7165	0.00137274	NA	NA	NA
1	rs4908773	8692315	T	ADD	1000	1.135	0.1233	0.891	1.445	1.024	0.3059	0.023069	NA	NA	NA
1	rs953043	8697038	C	ADD	997	1.006	0.0969	0.8317	1.216	0.05821	0.9536	0.00774262	NA	NA	NA
1	rs12567592	8711494	T	ADD	997	0.9917	0.1109	0.798	1.232	-0.07521	0.9401	0.000129744	NA	NA	NA
1	rs12024032	8730772	C	ADD	869	1.035	0.09818	0.8539	1.255	0.3519	0.7249	0.0139409	NA	NA	NA
1	rs10492963	8732928	A	ADD	1000	0.9807	0.1044	0.7993	1.203	-0.1864	0.8521	2.61325e-05	NA	NA	NA
1	rs11121225	8739025	A	ADD	862	1.041	0.1224	0.8189	1.323	0.3273	0.7435	0.00333751	NA	NA	NA
1	rs1353130	8744951	C	ADD	997	0.9939	0.1048	0.8095	1.22	-0.05803	0.9537	1.9194e-05	NA	NA	NA
1	rs11121229	8753870	C	ADD	871	0.9871	0.1114	0.7934	1.228	-0.1163	0.9074	1.9194e-05	NA	NA	NA
1	rs10864366	8755086	T	ADD	869	1.1	0.1323	0.8486	1.425	0.7188	0.4722	0.0228842	NA	NA	NA
1	rs11121230	8757293	T	ADD	869	1	0.1089	0.808	1.238	0.002131	0.9983	1.66845e-05	NA	NA	NA
1	rs7513880	8761887	G	ADD	865	1.041	0.09753	0.8598	1.26	0.4114	0.6808	0.0121835	NA	NA	NA
1	rs11586056	8767786	A	ADD	870	1.039	0.1193	0.8226	1.313	0.3225	0.7471	0.00216627	NA	NA	NA
1	rs6698830	8777132	C	ADD	1000	1.054	0.09098	0.8821	1.26	0.5809	0.5613	0.0137895	NA	NA	NA
1	rs7524437	8779190	G	ADD	865	0.9646	0.1139	0.7716	1.206	-0.316	0.752	0.00219782	NA	NA	NA
1	rs6664000	8781119	C	ADD	870	1.081	0.1324	0.8341	1.401	0.5898	0.5553	0.0207907	NA	NA	NA
1	rs12137865	8790993	G	ADD	871	0.9933	0.1088	0.8025	1.229	-0.06151	0.951	1.66845e-05	NA	NA	NA
1	rs12410893	8801472	G	ADD	870	0.9463	0.1073	0.7668	1.168	-0.5144	0.6069	0.000521029	NA	NA	NA
1	rs6695310	8813712	C	ADD	999	0.9956	0.1101	0.8024	1.235	-0.03992	0.9682	0.00493955	NA	NA	NA
1	rs12565639	8823978	A	ADD	997	0.9825	0.1124	0.7883	1.225	-0.1571	0.8751	0.00548557	NA	NA	NA
1	rs12124851	8826518	G	ADD	999	0.9211	0.09948	0.7579	1.119	-0.8259	0.4089	0.00374418	NA	NA	NA
1	rs11121242	8828888	A	ADD	871	0.9078	0.1023	0.7428	1.109	-0.9451	0.3446	0.00506674	NA	NA	NA
1	rs6677249	8834421	A	ADD	871	0.9715	0.1312	0.7513	1.256	-0.22	0.8259	0.0295158	NA	NA	NA
1	rs914994	8839799	A	ADD	1000	0.9915	0.09839	0.8176	1.202	-0.08657	0.931	0.00297088	NA	NA	NA
1	rs11121247	8841382	T	ADD	1000	1.029	0.1222	0.8102	1.308	0.2375	0.8123	0.0209251	NA	NA	NA
1	rs2071414	8843299	C	ADD	998	0.9524	0.1034	0.7776	1.166	-0.4717	0.6372	0.0213146	NA	NA	NA
1	rs2781064	8849455	G	ADD	999	0.9729	0.09127	0.8136	1.164	-0.3005	0.7638	0.00017207	NA	NA	NA
1	rs11811795	8860644	T	ADD	1000	0.9639	0.1267	0.7519	1.236	-0.2905	0.7714	0.022478	NA	NA	NA
1	rs6682376	8894709	C	ADD	998	1.007	0.095	0.8358	1.213	0.07223	0.9424	0.00326421	NA	NA	NA
1	rs6665631	8901101	G	ADD	999	1.032	0.0973	0.8529	1.249	0.3243	0.7457	0.010927	NA	NA	NA
1	rs6667091	8905315	C	ADD	997	1.042	0.09153	0.8706	1.246	0.4462	0.6554	0.000501336	NA	NA	NA
1	rs6577539	8911822	G	ADD	998	0.8027	0.1503	0.5979	1.078	-1.463	0.1436	0.000503958	NA	NA	NA
1	rs4609454	8913728	G	ADD	997	1.113	0.09751	0.9191	1.347	1.095	0.2736	0.00317376	NA	NA	NA
1	rs9434652	8914460	C	ADD	992	0.9852	0.09241	0.822	1.181	-0.1612	0.872	0.00200659	NA	NA	NA
1	rs914997	8920646	G	ADD	999	0.7818	0.1323	0.6033	1.013	-1.86	0.06285	0.000473064	NA	NA	NA
1	rs2781087	8922430	G	ADD	999	0.9408	0.1042	0.767	1.154	-0.586	0.5579	7.15459e-05	NA	NA	NA
1	rs1475734	8923215	A	ADD	999	1.054	0.1295	0.8179	1.359	0.4081	0.6832	0.000371269	NA	NA	NA
1	rs6692694	8923469	T	ADD	1000	1.027	0.1523	0.7618	1.384	0.1735	0.8623	0.012908	NA	NA	NA
1	rs2274327	8931993	T	ADD	1000	0.9852	0.09172	0.8231	1.179	-0.1625	0.8709	0.000305253	NA	NA	NA
1	rs2274328	8932031	A	ADD	999	1.056	0.09002	0.8852	1.26	0.6054	0.5449	0.00179452	NA	NA	NA
1	rs3765968	8934173	A	ADD	1000	1.081	0.09428	0.8984	1.3	0.8242	0.4098	0.00200531	NA	NA	NA
1	rs3765966	8934309	C	ADD	998	1.042	0.09542	0.8641	1.256	0.4287	0.6681	0.00193336	NA	NA	NA
1	rs2274332	8939678	T	ADD	997	1.138	0.1131	0.9122	1.421	1.147	0.2515	0.000138381	NA	NA	NA
1	rs2274333	8939791	G	ADD	990	0.9974	0.09908	0.8214	1.211	-0.02601	0.9793	6.07979e-05	NA	NA	NA
1	rs3765965	8944585	G	ADD	994	1.136	0.1276	0.8842	1.458	0.9959	0.3193	0.000169853	NA	NA	NA
1	rs3737665	8953551	A	ADD	1000	0.8984	0.111	0.7228	1.117	-0.9658	0.3341	0.00352254	NA	NA	NA
1	rs6577546	8961609	G	ADD	1000	1.109	0.103	0.9061	1.357	1.002	0.3162	9.74521e-05	NA	NA	NA
1	rs875148	8971619	T	ADD	996	0.8879	0.09422	0.7382	1.068	-1.261	0.2072	3.60841e-05	NA	NA	NA
1	rs9803645	8972459	T	ADD	1000	0.753	0.2577	0.4544	1.248	-1.101	0.271	0.000128734	NA	NA	NA
1	rs2895997	8981133	G	ADD	1000	1.113	0.09038	0.932	1.328	1.181	0.2375	2.15905e-05	NA	NA	NA
1	rs4908803	8982757	G	ADD	1000	0.7886	0.0983	0.6504	0.9562	-2.416	0.0157	0.00299757	NA	NA	NA
1	rs7516862	8983748	G	ADD	1000	1.252	0.1486	0.9353	1.675	1.51	0.1311	0.000347518	NA	NA	NA
1	rs11810507	8985825	A	ADD	1000	1.136	0.1289	0.8826	1.463	0.9916	0.3214	0.000108302	NA	NA	NA
1	rs7544111	8988009	T	ADD	999	1.212	0.09954	0.9975	1.474	1.935	0.05303	0.00330592	NA	NA	NA
1	rs7537425	8996388	T	ADD	1000	0.9386	0.0943	0.7802	1.129	-0.6723	0.5014	0.000864879	NA	NA	NA
1	rs1004557	8999484	A	ADD	1000	0.9834	0.0948	0.8166	1.184	-0.1766	0.8598	0.000801658	NA	NA	NA
1	rs9803660	9002998	C	ADD	1000	1.032	0.1157	0.8225	1.295	0.2715	0.786	0.00256853	NA	NA	NA
1	rs10864382	9018197	C	ADD	996	0.8728	0.0944	0.7254	1.05	-1.441	0.1495	0.00942733	NA	NA	NA
1	rs765617	9044369	T	ADD	998	0.9808	0.09602	0.8126	1.184	-0.2017	0.8401	0.009854	NA	NA	NA
1	rs1612895	9045144	G	ADD	1000	0.9777	0.09098	0.818	1.169	-0.2476	0.8045	0.00667972	NA	NA	NA
1	rs1327257	9061477	G	ADD	998	1.109	0.1821	0.7762	1.585	0.5684	0.5697	0.000139089	NA	NA	NA
1	rs770028	9093465	T	ADD	999	1.064	0.1366	0.8143	1.391	0.4562	0.6482	0.00172799	NA	NA	NA
1	rs10864390	9105501	C	ADD	1000	0.9003	0.09376	0.7492	1.082	-1.12	0.2625	0.00942431	NA	NA	NA
1	rs4908812	9108247	A	ADD	999	0.9608	0.09864	0.7919	1.166	-0.4057	0.6849	0.00487232	NA	NA	NA
1	rs1001567	9117201	C	ADD	1000	0.9049	0.08942	0.7595	1.078	-1.117	0.2639	0.0109538	NA	NA	NA
1	rs4406655	9127766	G	ADD	1000	0.8798	0.0903	0.7371	1.05	-1.418	0.1562	0.00509061	NA	NA	NA
1	rs12121864	9127919	A	ADD	1000	1.023	0.1599	0.7481	1.4	0.1446	0.8851	0.00186096	NA	NA	NA
1	rs12119878	9141308	G	ADD	872	1.148	0.104	0.9365	1.408	1.329	0.1838	0.0144985	NA	NA	NA
1	rs6577556	9141970	C	ADD	999	0.9406	0.09527	0.7804	1.134	-0.6425	0.5205	0.00374681	NA	NA	NA
1	rs797252	9145747	G	ADD	1000	0.8849	0.215	0.5806	1.349	-0.5686	0.5697	0.00341776	NA	NA	NA
1	rs11121332	9146666	C	ADD	999	0.9701	0.09188	0.8102	1.161	-0.3308	0.7408	0.00300853	NA	NA	NA
1	rs11802925	9151211	C	ADD	996	1.253	0.1695	0.8985	1.746	1.329	0.1839	0.00178844	NA	NA	NA
1	rs4908527	9156730	T	ADD	1000	0.9599	0.08816	0.8076	1.141	-0.4639	0.6427	7.13125e-06	NA	NA	NA
1	rs809972	9156950	T	ADD	1000	1.129	0.118	0.896	1.423	1.029	0.3033	0.0155705	NA	NA	NA
1	rs6577559	9160682	T	ADD	1000	0.9906	0.1528	0.7343	1.336	-0.06157	0.9509	0.013562	NA	NA	NA
1	rs797263	9161140	T	ADD	997	1.133	0.1181	0.8989	1.428	1.057	0.2903	0.0157463	NA	NA	NA
1	rs4908817	9168159	T	ADD	1000	1.045	0.1324	0.806	1.354	0.331	0.7407	0.00315359	NA	NA	NA
1	rs1008446	9175295	G	ADD	1000	0.9793	0.09686	0.81	1.184	-0.2155	0.8294	0.000159118	NA	NA	NA
1	rs4908826	9189214	G	ADD	1000	1.062	0.1125	0.8516	1.324	0.5322	0.5946	0.00877988	NA	NA	NA
1	rs2032539	9192306	A	ADD	1000	1.007	0.09545	0.8349	1.214	0.06911	0.9449	0.00197122	NA	NA	NA
1	rs1009940	9200729	C	ADD	998	0.9941	0.09312	0.8282	1.193	-0.064	0.949	0.00315847	NA	NA	NA
1	rs10489436	9208308	C	ADD	999	1.106	0.1348	0.849	1.44	0.7454	0.456	0.00303775	NA	NA	NA
1	rs4908830	9220458	G	ADD	1000	1.02	0.1038	0.8321	1.25	0.1897	0.8496	0.000241932	NA	NA	NA
1	rs2268175	9223195	G	ADD	1000	0.9813	0.09179	0.8197	1.175	-0.2057	0.837	0.0102722	NA	NA	NA
1	rs2239560	9227318	T	ADD	999	0.9214	0.1265	0.719	1.181	-0.6472	0.5175	0.0122392	NA	NA	NA
1	rs732950	9232333	A	ADD	999	0.9799	0.092	0.8182	1.174	-0.2203	0.8256	0.00875976	NA	NA	NA
1	rs2268169	9243828	T	ADD	999	0.9894	0.0925	0.8254	1.186	-0.1148	0.9086	0.00530019	NA	NA	NA
1	rs6688832	9246497	A	ADD	993	1.066	0.1052	0.8675	1.31	0.6085	0.5428	0.0047794	NA	NA	NA
1	rs2071931	9251876	A	ADD	995	0.8779	0.1096	0.7082	1.088	-1.189	0.2345	6.35422e-05	NA	NA	NA
1	rs9435168	9254539	A	ADD	999	1.009	0.0918	0.8428	1.208	0.09719	0.9226	0.000441255	NA	NA	NA
1	rs2871656	9259704	A	ADD	997	0.9432	0.09941	0.7763	1.146	-0.5878	0.5567	0.00353002	NA	NA	NA
1	rs4465231	9269865	A	ADD	999	1.051	0.102	0.8607	1.284	0.4895	0.6245	0.00158278	NA	NA	NA
1	rs9726385	9272525	C	ADD	998	0.6927	0.1831	0.4838	0.9916	-2.006	0.04484	0.00323685	NA	NA	NA
1	rs2075973	9278484	G	ADD	999	1.056	0.09957	0.8689	1.284	0.549	0.583	3.13071e-06	NA	NA	NA
1	rs1294028	9287221	T	ADD	998	0.9474	0.09261	0.7901	1.136	-0.5835	0.5596	0.000113799	NA	NA	NA
1	rs629524	9293686	C	ADD	999	1.053	0.09705	0.8706	1.274	0.532	0.5947	2.47127e-05	NA	NA	NA
1	rs525476	9298173	A	ADD	999	1.047	0.09536	0.8687	1.262	0.4836	0.6287	0.00109673	NA	NA	NA
1	rs1294046	9302280	C	ADD	998	1.058	0.09826	0.8723	1.282	0.5692	0.5692	0.000361143	NA	NA	NA
1	rs4908842	9309898	T	ADD	999	1.005	0.0899	0.8429	1.199	0.05862	0.9533	1.48015e-05	NA	NA	NA
1	rs1569422	9310031	G	ADD	997	0.8979	0.147	0.6731	1.198	-0.7328	0.4637	4.82634e-07	NA	NA	NA
1	rs12728282	9319522	C	ADD	870	1.007	0.09599	0.834	1.215	0.06824	0.9456	0.000235069	NA	NA	NA
1	rs12403093	9323455	T	ADD	871	0.992	0.2663	0.5886	1.672	-0.03025	0.9759	0.0026657	NA	NA	NA
1	rs2075972	9329566	G	ADD	1000	1.176	0.1079	0.952	1.453	1.504	0.1327	0.00527379	NA	NA	NA
1	rs1299374	9334995	T	ADD	1000	0.8845	0.1145	0.7067	1.107	-1.072	0.2839	0.000110027	NA	NA	NA
1	rs4908851	9335374	A	ADD	999	0.976	0.09058	0.8172	1.166	-0.2683	0.7885	0.00949284	NA	NA	NA
1	rs11121384	9336233	T	ADD	998	0.9925	0.09442	0.8248	1.194	-0.07946	0.9367	0.00816141	NA	NA	NA
1	rs9435245	9341877	C	ADD	1000	0.9999	0.1343	0.7684	1.301	-0.0009593	0.9992	0.000101014	NA	NA	NA
1	rs4908853	9343089	A	ADD	1000	0.9194	0.1028	0.7516	1.125	-0.8168	0.414	0.00508189	NA	NA	NA
1	rs552230	9345462	T	ADD	1000	1.099	0.1097	0.8866	1.363	0.8625	0.3884	4.93303e-05	NA	NA	NA
1	rs2275457	9350456	C	ADD	1000	1.142	0.1174	0.9073	1.437	1.131	0.2579	0.00394006	NA	NA	NA
1	rs10492967	9353810	A	ADD	1000	0.8966	0.1057	0.7288	1.103	-1.033	0.3017	0.000141259	NA	NA	NA
1	rs9308447	9354977	T	ADD	1000	0.9491	0.1062	0.7708	1.169	-0.4922	0.6226	0.00123814	NA	NA	NA
1	rs9729149	9363627	T	ADD	999	1.115	0.09196	0.9308	1.335	1.181	0.2377	0.000494227	NA	NA	NA
1	rs2095904	9369958	G	ADD	1000	0.9578	0.09364	0.7972	1.151	-0.46	0.6455	0.000842093	NA	NA	NA
1	rs6688312	9381380	A	ADD	1000	0.9693	0.1366	0.7416	1.267	-0.2285	0.8192	0.000164841	NA	NA	NA
1	rs12145857	9405975	A	ADD	1000	1.229	0.1434	0.9281	1.628	1.439	0.15	0.00373027	NA	NA	NA
1	rs10864418	9412559	A	ADD	1000	1.107	0.09132	0.9258	1.324	1.116	0.2645	0.000176508	NA	NA	NA
1	rs9726404	9418158	C	ADD	1000	0.931	0.1755	0.66	1.313	-0.4076	0.6836	0.00132721	NA	NA	NA
1	rs9659326	9420112	T	ADD	1000	1.101	0.1135	0.8815	1.375	0.8486	0.3961	0.000664888	NA	NA	NA
1	rs9308451	9424663	G	ADD	995	0.9804	0.1546	0.7241	1.327	-0.128	0.8981	0.000585497	NA	NA	NA
1	rs10779725	9432369	C	ADD	1000	0.9548	0.1117	0.767	1.189	-0.4142	0.6787	0.00506658	NA	NA	NA
1	rs11121424	9434156	T	ADD	1000	1.061	0.1035	0.8663	1.3	0.5734	0.5664	0.000704148	NA	NA	NA
1	rs4926491	9437433	C	ADD	1000	0.8489	0.08929	0.7126	1.011	-1.834	0.0666	1.47553e-05	NA	NA	NA
1	rs7544834	9447822	G	ADD	1000	0.9683	0.09218	0.8083	1.16	-0.3494	0.7268	0.00586442	NA	NA	NA
1	rs6679380	9455825	C	ADD	1000	0.9955	0.1013	0.8163	1.214	-0.04405	0.9649	NA	NA	NA	NA
1	rs7418365	9457890	G	ADD	999	1.075	0.09646	0.8901	1.299	0.7528	0.4516	NA	NA	NA	NA
1	rs7367253	9462280	T	ADD	866	1.071	0.1773	0.7566	1.516	0.3868	0.6989	NA	NA	NA	NA
1	rs10157778	9465199	A	ADD	999	0.976	0.09391	0.8119	1.173	-0.259	0.7957	NA	NA	NA	NA
1	rs12040542	9514086	C	ADD	999	0.9513	0.1386	0.7249	1.248	-0.3605	0.7184	NA	NA	NA	NA
1	rs7411273	9529628	T	ADD	999	0.9509	0.128	0.74	1.222	-0.3936	0.6938	NA	NA	NA	NA
